"GEOCODE","TRACT","BLKGRP","POP100","INTPTLAT","INTPTLON","CLUSTER"
150010201001,20100,1,1826,19.8333348,-155.1044883,"1"
150010201002,20100,2,1044,19.8424793,-155.2475125,"1"
150010201003,20100,3,1350,19.8228341,-155.1849688,"1"
150010201004,20100,4,1213,19.7914094,-155.095921,"1"
150010202021,20202,1,888,19.6598098,-155.2324728,"1"
150010202022,20202,2,1147,19.7426854,-155.0949444,"1"
150010203001,20300,1,1184,19.7183021,-155.1136422,"1"
150010203002,20300,2,1148,19.7318221,-155.0888547,"1"
150010203003,20300,3,1490,19.7202974,-155.0923136,"1"
150010204001,20400,1,1433,19.7111663,-155.0874715,"1"
150010204002,20400,2,822,19.7122209,-155.0919479,"1"
150010204003,20400,3,1262,19.7232225,-155.079861,"1"
150010205001,20500,1,981,19.7169167,-155.0695156,"1"
150010205002,20500,2,1135,19.7025568,-155.069954,"1"
150010205003,20500,3,2213,19.6991175,-155.0819899,"1"
150010205004,20500,4,1615,19.7083121,-155.0769232,"1"
150010206001,20600,1,788,19.7320906,-155.0485128,"1"
150010206002,20600,2,899,19.6992428,-155.0227335,"1"
150010206003,20600,3,1648,19.7265757,-155.0373155,"1"
150010206004,20600,4,2296,19.6826829,-155.0588747,"1"
150010207011,20701,1,2134,19.6894544,-155.0733181,"1"
150010207012,20701,2,1505,19.678987,-155.0722178,"1"
150010207013,20701,3,1172,19.6885597,-155.0854936,"1"
150010207021,20702,1,1515,19.6771492,-155.1021987,"1"
150010207022,20702,2,1902,19.6789993,-155.0921946,"1"
150010207023,20702,3,1230,19.6769049,-155.0846419,"1"
150010208011,20801,1,1413,19.6866828,-155.1013688,"1"
150010208012,20801,2,1910,19.6971691,-155.147768,"1"
150010208013,20801,3,1042,19.6746915,-155.1495515,"1"
150010208021,20802,1,1050,19.7131629,-155.1162363,"1"
150010208022,20802,2,587,19.7012046,-155.1169514,"1"
150010208023,20802,3,2340,19.7002787,-155.1267853,"1"
150010208024,20802,4,1294,19.7096094,-155.1009092,"1"
150010208025,20802,5,1273,19.6996763,-155.1069733,"1"
150010209001,20900,1,786,19.6583509,-155.0772605,"1"
150010209002,20900,2,1159,19.668915,-155.086579,"1"
150010209003,20900,3,871,19.6540372,-155.1046945,"1"
150010209004,20900,4,1126,19.6680654,-155.1045065,"1"
150010209005,20900,5,860,19.645587,-155.132132,"1"
150010210031,21003,1,1765,19.5606671,-155.016581,"1"
150010210032,21003,2,1797,19.5149763,-155.0027423,"1"
150010210033,21003,3,1841,19.530667,-154.983464,"1"
150010210034,21003,4,555,19.5286991,-155.003087,"1"
150010210035,21003,5,1465,19.5405107,-155.0049987,"1"
150010210111,21011,1,1777,19.5691096,-155.1367782,"1"
150010210112,21011,2,1108,19.4876516,-155.2570774,"1"
150010210113,21011,3,1503,19.5372126,-155.1875527,"1"
150010210131,21013,1,1051,19.6795363,-154.9951988,"1"
150010210132,21013,2,1577,19.600308,-155.0801879,"1"
150010210133,21013,3,2192,19.5855334,-155.0449485,"1"
150010210141,21014,1,2086,19.5977562,-154.9818538,"1"
150010210142,21014,2,2862,19.5738505,-154.9936367,"1"
150010210143,21014,3,3454,19.5958855,-154.9653101,"1"
150010210151,21015,1,2908,19.5904055,-154.9493726,"1"
150010210152,21015,2,3172,19.5591281,-154.9712637,"1"
150010210161,21016,1,1891,19.5502559,-155.0603876,"1"
150010210162,21016,2,2323,19.5159976,-155.0840082,"1"
150010210163,21016,3,1311,19.5144962,-155.0428549,"1"
150010210171,21017,1,1386,19.491749,-155.0957842,"1"
150010210172,21017,2,1334,19.4789988,-155.1324967,"1"
150010210173,21017,3,1852,19.4356354,-155.199532,"1"
150010211011,21101,1,169,19.4853925,-154.8453337,"1"
150010211012,21101,2,1409,19.4707835,-154.9190026,"1"
150010211013,21101,3,1215,19.4065675,-154.9299471,"1"
150010211071,21107,1,1365,19.427903,-155.0891095,"1"
150010211081,21108,1,1978,19.5284054,-154.8684968,"1"
150010211082,21108,2,2524,19.5380095,-154.9422651,"1"
150010211083,21108,3,1834,19.5034869,-154.8930444,"1"
150010212031,21203,1,1555,19.3679125,-155.3919028,"1"
150010212032,21203,2,1946,19.1340266,-155.7806475,"1"
150010212033,21203,3,2333,19.1000854,-155.7569682,"1"
150010212034,21203,4,277,19.2600797,-155.6030209,"1"
150010212041,21204,1,785,18.9889154,-155.6106239,"1"
150010212042,21204,2,596,19.0664083,-155.7952303,"1"
150010212043,21204,3,1487,19.0183547,-155.7461015,"1"
150010213001,21300,1,1875,19.4615409,-155.8292217,"1"
150010213002,21300,2,1212,19.4691167,-155.8945185,"1"
150010213003,21300,3,2130,19.2466528,-155.8885317,"1"
150010213004,21300,4,696,19.3038738,-155.7811264,"1"
150010214021,21402,1,1276,19.5031789,-155.9450166,"1"
150010214022,21402,2,2600,19.5254326,-155.8932207,"1"
150010215021,21502,1,2065,19.5319225,-155.7148202,"1"
150010215022,21502,2,2471,19.7245716,-155.8387031,"1"
150010215023,21502,3,896,19.6691106,-155.9169467,"1"
150010215041,21504,1,2897,19.6688506,-155.984632,"1"
150010215042,21504,2,3035,19.6669677,-156.0120429,"1"
150010215101,21510,1,1252,19.5955637,-155.9658709,"1"
150010215102,21510,2,975,19.5439602,-155.9392566,"1"
150010215103,21510,3,574,19.5498587,-155.9608318,"1"
150010215104,21510,4,749,19.5778245,-155.9675565,"1"
150010215111,21511,1,1568,19.5831169,-155.9483577,"1"
150010215121,21512,1,2104,19.7086551,-155.9850033,"1"
150010215122,21512,2,2427,19.7070757,-156.0117817,"1"
150010215131,21513,1,2111,19.8019678,-155.9232201,"1"
150010215132,21513,2,1832,19.7199445,-155.9909523,"1"
150010215133,21513,3,2166,19.7242653,-155.9835671,"1"
150010216051,21605,1,1162,19.6635998,-155.9722595,"1"
150010216052,21605,2,804,19.6368121,-155.9927207,"1"
150010216053,21605,3,1821,19.6468399,-155.9691931,"1"
150010216061,21606,1,2246,19.6291804,-155.9794626,"1"
150010216062,21606,2,1874,19.6379716,-155.9649016,"1"
150010216071,21607,1,1433,19.607967,-155.9566271,"1"
150010216072,21607,2,1521,19.6205975,-155.9646948,"1"
150010216073,21607,3,1498,19.6068022,-155.9670684,"1"
150010216081,21608,1,477,19.6160452,-155.9840522,"1"
150010216082,21608,2,730,19.6066066,-155.9732074,"1"
150010216083,21608,3,2081,19.6181112,-155.9802814,"1"
150010216084,21608,4,544,19.6174007,-155.9740746,"1"
150010217051,21705,1,3025,20.0692658,-155.6950212,"1"
150010217052,21705,2,1182,20.0358791,-155.6569524,"1"
150010217053,21705,3,2159,20.0128125,-155.6964398,"1"
150010217061,21706,1,1635,20.0243106,-155.5970877,"1"
150010217062,21706,2,2160,19.8512317,-155.6838235,"1"
150010217071,21707,1,2382,19.9381424,-155.7861578,"1"
150010217072,21707,2,1893,19.9553317,-155.8015867,"1"
150010217073,21707,3,722,19.9645127,-155.7444425,"1"
150010217081,21708,1,1339,19.9845704,-155.8273152,"1"
150010217082,21708,2,1318,19.9459734,-155.8107998,"1"
150010217083,21708,3,1495,19.8719409,-155.8021629,"1"
150010218001,21800,1,1295,20.2429336,-155.8243858,"1"
150010218002,21800,2,2498,20.1683488,-155.8668174,"1"
150010218003,21800,3,1798,20.2434726,-155.7959967,"1"
150010218004,21800,4,1388,20.1787921,-155.7541433,"1"
150010219021,21902,1,1819,20.0851481,-155.5789407,"1"
150010219022,21902,2,834,20.0768123,-155.4709339,"1"
150010219023,21902,3,1559,20.0705058,-155.4588769,"1"
150010220001,22000,1,1548,19.8281671,-155.4950421,"1"
150010220002,22000,2,1130,20.0678737,-155.3986401,"1"
150010221021,22102,1,1081,19.617504,-155.4204305,"1"
150010221022,22102,2,1033,19.983364,-155.2411484,"1"
150030001071,107,1,1436,21.3102414,-157.6893711,"1"
150030001072,107,2,1304,21.2956451,-157.6974822,"1"
150030001081,108,1,1071,21.288243,-157.7077658,"1"
150030001082,108,2,737,21.2884461,-157.7179003,"1"
150030001083,108,3,1405,21.288475,-157.711375,"1"
150030001101,110,1,1480,21.3019292,-157.6725335,"1"
150030001102,110,2,704,21.2978136,-157.6584574,"1"
150030001103,110,3,1364,21.3069581,-157.6697334,"1"
150030001104,110,4,706,21.2957458,-157.6669075,"1"
150030001141,114,1,827,21.2738328,-157.7052014,"1"
150030001142,114,2,899,21.2644083,-157.7098994,"1"
150030001151,115,1,1664,21.3041027,-157.7162483,"1"
150030001152,115,2,797,21.3007957,-157.709638,"1"
150030001153,115,3,313,21.2955487,-157.7093696,"1"
150030001161,116,1,2500,21.3081396,-157.7092478,"1"
150030001171,117,1,1464,21.3003932,-157.7047726,"1"
150030001181,118,1,1771,21.3066135,-157.6996594,"1"
150030001191,119,1,891,21.2912045,-157.6892933,"1"
150030001192,119,2,868,21.2929454,-157.6898443,"1"
150030001193,119,3,436,21.2915912,-157.6944702,"1"
150030001201,120,1,715,21.300636,-157.6852677,"1"
150030001202,120,2,829,21.2996185,-157.680136,"1"
150030001203,120,3,1080,21.3084684,-157.6823428,"1"
150030001211,121,1,2053,21.2854534,-157.7001794,"1"
150030001212,121,2,721,21.2822678,-157.7054275,"1"
150030001221,122,1,1098,21.2768608,-157.7005758,"1"
150030001222,122,2,1020,21.2801991,-157.6983729,"1"
150030001223,122,3,994,21.2855992,-157.6940957,"1"
150030002001,200,1,646,21.2831535,-157.726692,"1"
150030002002,200,2,664,21.3044382,-157.7375302,"1"
150030002003,200,3,1754,21.2842619,-157.7361554,"1"
150030002004,200,4,1033,21.3036318,-157.7291142,"1"
150030002005,200,5,871,21.3040067,-157.722716,"1"
150030002006,200,6,777,21.2886238,-157.7233537,"1"
150030003011,301,1,1772,21.309113,-157.7527204,"1"
150030003012,301,2,1836,21.2963259,-157.7456628,"1"
150030003021,302,1,1255,21.2927211,-157.7576361,"1"
150030003022,302,2,1447,21.2773705,-157.7526276,"1"
150030004011,401,1,828,21.281783,-157.7772905,"1"
150030004012,401,2,1930,21.3036609,-157.7698339,"1"
150030004021,402,1,785,21.2810456,-157.7660885,"1"
150030004022,402,2,2485,21.2859112,-157.7630619,"1"
150030004023,402,3,877,21.286022,-157.7693853,"1"
150030005001,500,1,657,21.2710955,-157.7806069,"1"
150030005002,500,2,550,21.2745715,-157.7870537,"1"
150030005003,500,3,919,21.2601328,-157.7891139,"1"
150030005004,500,4,931,21.2659249,-157.7839699,"1"
150030005005,500,5,815,21.2738955,-157.7742655,"1"
150030006001,600,1,73,21.2626853,-157.806617,"1"
150030006002,600,2,1203,21.257115,-157.800703,"1"
150030007001,700,1,758,21.2678153,-157.7947171,"1"
150030007002,700,2,663,21.2766464,-157.7903059,"1"
150030007003,700,3,1040,21.271327,-157.7927532,"1"
150030007004,700,4,754,21.2728872,-157.7909624,"1"
150030008001,800,1,1261,21.2789652,-157.7955935,"1"
150030008002,800,2,1119,21.2757914,-157.799635,"1"
150030008003,800,3,1390,21.272342,-157.7991503,"1"
150030009011,901,1,1122,21.2893661,-157.7841885,"1"
150030009012,901,2,1500,21.2798539,-157.785895,"1"
150030009031,903,1,1226,21.2813059,-157.7907955,"1"
150030009032,903,2,1813,21.2837383,-157.7957277,"1"
150030009041,904,1,1975,21.2875351,-157.789901,"1"
150030009051,905,1,1229,21.2932977,-157.791747,"1"
150030009052,905,2,1128,21.2936827,-157.7879901,"1"
150030010001,1000,1,1432,21.3195783,-157.7769631,"1"
150030010002,1000,2,1713,21.3018451,-157.786403,"1"
150030011011,1101,1,709,21.2979852,-157.7941073,"1"
150030011012,1101,2,1252,21.3028136,-157.7907982,"1"
150030011021,1102,1,1095,21.3041175,-157.7938782,"1"
150030011022,1102,2,1154,21.3011593,-157.7942256,"1"
150030012011,1201,1,1133,21.2864965,-157.8042088,"1"
150030012012,1201,2,1889,21.2880883,-157.8002391,"1"
150030012021,1202,1,2058,21.2938662,-157.8004308,"1"
150030012022,1202,2,1196,21.2920321,-157.7984831,"1"
150030013001,1300,1,963,21.2843437,-157.810369,"1"
150030013002,1300,2,1433,21.2806445,-157.8039117,"1"
150030013003,1300,3,1035,21.2865834,-157.8094568,"1"
150030013004,1300,4,1006,21.2829629,-157.8025694,"1"
150030014001,1400,1,896,21.2757343,-157.8042867,"1"
150030014002,1400,2,1759,21.2781163,-157.8073813,"1"
150030015011,1501,1,1473,21.2819091,-157.8121376,"1"
150030015021,1502,1,978,21.2780903,-157.8116789,"1"
150030015022,1502,2,1356,21.2744929,-157.8100313,"1"
150030016011,1601,1,1241,21.273349,-157.8131238,"1"
150030016012,1601,2,740,21.2721678,-157.8147058,"1"
150030016021,1602,1,975,21.2719228,-157.8080734,"1"
150030016022,1602,2,809,21.2700228,-157.8082262,"1"
150030017001,1700,1,1382,21.2653424,-157.8150134,"1"
150030017002,1700,2,951,21.2659016,-157.8190416,"1"
150030018011,1801,1,695,21.2754679,-157.823844,"1"
150030018012,1801,2,424,21.2728169,-157.8218547,"1"
150030018031,1803,1,659,21.275911,-157.8211701,"1"
150030018032,1803,2,350,21.2763245,-157.8220805,"1"
150030018033,1803,3,1149,21.2773438,-157.8215206,"1"
150030018034,1803,4,753,21.2771657,-157.8230258,"1"
150030018041,1804,1,856,21.275101,-157.8201932,"1"
150030018042,1804,2,929,21.2736027,-157.8188637,"1"
150030019011,1901,1,423,21.2804481,-157.8349282,"1"
150030019051,1905,1,290,21.2871302,-157.8379851,"1"
150030019052,1905,2,1087,21.2867776,-157.8389164,"1"
150030019061,1906,1,694,21.2860196,-157.8343431,"1"
150030019062,1906,2,943,21.2872317,-157.8347503,"1"
150030019063,1906,3,1240,21.2877356,-157.8359102,"1"
150030019071,1907,1,1108,21.2856477,-157.8375374,"1"
150030019072,1907,2,357,21.2853706,-157.8363665,"1"
150030019073,1907,3,1081,21.286486,-157.8361684,"1"
150030020031,2003,1,979,21.2803755,-157.8278102,"1"
150030020032,2003,2,1147,21.2804556,-157.825991,"1"
150030020041,2004,1,651,21.2794137,-157.8246574,"1"
150030020042,2004,2,489,21.2780571,-157.8261538,"1"
150030020051,2005,1,1129,21.285256,-157.8315054,"1"
150030020052,2005,2,770,21.2869963,-157.83289,"1"
150030020061,2006,1,915,21.2839184,-157.829844,"1"
150030020062,2006,2,1352,21.2829603,-157.8287375,"1"
150030021011,2101,1,523,21.2799196,-157.8189501,"1"
150030021012,2101,2,548,21.2819966,-157.8158155,"1"
150030021013,2101,3,675,21.2828735,-157.8168291,"1"
150030021021,2102,1,380,21.2856607,-157.8175382,"1"
150030021022,2102,2,1459,21.2859189,-157.8144476,"1"
150030022031,2203,1,1836,21.2865779,-157.8291981,"1"
150030022041,2204,1,1308,21.2864683,-157.8257596,"1"
150030022051,2205,1,1888,21.2846948,-157.8239505,"1"
150030022061,2206,1,1008,21.2870042,-157.8217245,"1"
150030022062,2206,2,953,21.2868781,-157.8196464,"1"
150030023011,2301,1,941,21.2889558,-157.8185145,"1"
150030023012,2301,2,1225,21.2901515,-157.8211639,"1"
150030023013,2301,3,1127,21.2886953,-157.8211754,"1"
150030023021,2302,1,1276,21.2893493,-157.8234122,"1"
150030023022,2302,2,811,21.2902952,-157.8241582,"1"
150030024011,2401,1,909,21.288858,-157.8272017,"1"
150030024012,2401,2,825,21.2897418,-157.8285919,"1"
150030024013,2401,3,586,21.2896937,-157.8306933,"1"
150030024014,2401,4,592,21.2908396,-157.8306609,"1"
150030024031,2403,1,728,21.2936138,-157.829047,"1"
150030024032,2403,2,839,21.2921674,-157.8299042,"1"
150030024041,2404,1,616,21.291271,-157.825316,"1"
150030024042,2404,2,807,21.2919879,-157.8272242,"1"
150030025001,2500,1,2149,21.2934985,-157.8350967,"1"
150030025002,2500,2,1131,21.2908775,-157.8323974,"1"
150030025003,2500,3,661,21.2941398,-157.8317265,"1"
150030026001,2600,1,1033,21.2986311,-157.8322876,"1"
150030026002,2600,2,892,21.2930949,-157.82188,"1"
150030026003,2600,3,881,21.2956035,-157.8272529,"1"
150030026004,2600,4,1368,21.2968045,-157.8327834,"1"
150030027011,2701,1,824,21.3013815,-157.8164109,"1"
150030027012,2701,2,1095,21.2913894,-157.8135474,"1"
150030027013,2701,3,2159,21.2944445,-157.8165994,"1"
150030027021,2702,1,952,21.3019187,-157.8230383,"1"
150030027022,2702,2,1029,21.3010597,-157.8261722,"1"
150030027023,2702,3,1597,21.3010412,-157.8319173,"1"
150030027024,2702,4,1127,21.2987807,-157.828209,"1"
150030028011,2801,1,1778,21.2939693,-157.804731,"1"
150030028021,2802,1,800,21.3032928,-157.8014869,"1"
150030028022,2802,2,1553,21.297666,-157.8049746,"1"
150030029001,2900,1,2251,21.3060087,-157.8078062,"1"
150030030001,3000,1,948,21.3117315,-157.8159115,"1"
150030030002,3000,2,1093,21.3057019,-157.8203725,"1"
150030030003,3000,3,1099,21.3106549,-157.8123718,"1"
150030030004,3000,4,1165,21.3084984,-157.8256545,"1"
150030031021,3102,1,2280,21.3368452,-157.8005934,"1"
150030031022,3102,2,1065,21.3180628,-157.8063829,"1"
150030031031,3103,1,1567,21.3277307,-157.7928001,"1"
150030031041,3104,1,2175,21.3151765,-157.7996146,"1"
150030034041,3404,1,1693,21.308045,-157.8375314,"1"
150030034042,3404,2,981,21.308131,-157.8395757,"1"
150030034043,3404,3,682,21.3064999,-157.8374347,"1"
150030034044,3404,4,1161,21.3066089,-157.8354982,"1"
150030034081,3408,1,1161,21.3061743,-157.8409271,"1"
150030034082,3408,2,1095,21.3047321,-157.8425088,"1"
150030034091,3409,1,1067,21.3047949,-157.8404276,"1"
150030034092,3409,2,834,21.3042724,-157.8397611,"1"
150030034101,3410,1,1482,21.3037757,-157.8383791,"1"
150030034111,3411,1,1231,21.30757,-157.8464488,"1"
150030034121,3412,1,1618,21.3085577,-157.8426719,"1"
150030034131,3413,1,1149,21.3060945,-157.8436658,"1"
150030034132,3413,2,1383,21.305725,-157.8465464,"1"
150030034141,3414,1,635,21.3053875,-157.8315949,"1"
150030034142,3414,2,1218,21.3042005,-157.8329715,"1"
150030034143,3414,3,1308,21.3057486,-157.8341108,"1"
150030034144,3414,4,957,21.3024482,-157.8345848,"1"
150030035011,3501,1,858,21.3019867,-157.8440912,"1"
150030035012,3501,2,1428,21.3030317,-157.8472253,"1"
150030035031,3503,1,1500,21.300977,-157.8412892,"1"
150030035041,3504,1,1033,21.3006459,-157.8366941,"1"
150030035042,3504,2,1679,21.2986091,-157.8377853,"1"
150030036031,3603,1,1287,21.2965309,-157.83976,"1"
150030036032,3603,2,1620,21.2948671,-157.837665,"1"
150030036033,3603,3,274,21.2962778,-157.837962,"1"
150030036041,3604,1,958,21.2923915,-157.8378145,"1"
150030036042,3604,2,1596,21.2937181,-157.8406705,"1"
150030036051,3605,1,1036,21.2954216,-157.8436994,"1"
150030036061,3606,1,1241,21.2983447,-157.8434699,"1"
150030036062,3606,2,1817,21.2965246,-157.8464512,"1"
150030037011,3701,1,627,21.2891779,-157.838152,"1"
150030037012,3701,2,720,21.2889911,-157.8398835,"1"
150030037013,3701,3,1175,21.2907498,-157.8390667,"1"
150030037021,3702,1,557,21.2931708,-157.8486866,"1"
150030037022,3702,2,1820,21.2944707,-157.850702,"1"
150030037023,3702,3,1167,21.2952244,-157.8542906,"1"
150030037024,3702,4,385,21.2935638,-157.8516281,"1"
150030037031,3703,1,1487,21.296906,-157.8520857,"1"
150030037032,3703,2,244,21.2924928,-157.8422753,"1"
150030037033,3703,3,1043,21.2923543,-157.8504448,"1"
150030037034,3703,4,48,21.2901849,-157.8485588,"1"
150030037035,3703,5,635,21.2988068,-157.8494798,"1"
150030038011,3801,1,1994,21.3005688,-157.8587153,"1"
150030038012,3801,2,1085,21.2979765,-157.8565096,"1"
150030038013,3801,3,22,21.2940235,-157.8634521,"1"
150030038014,3801,4,1751,21.2988181,-157.8609142,"1"
150030038015,3801,5,57,21.2918473,-157.8581713,"1"
150030038021,3802,1,460,21.2995896,-157.8545682,"1"
150030038022,3802,2,2417,21.3021455,-157.8558507,"1"
150030038023,3802,3,674,21.3016486,-157.8570759,"1"
150030038025,3802,5,1563,21.3013033,-157.8525867,"1"
150030039001,3900,1,559,21.2997853,-157.8655077,"1"
150030040001,4000,1,1096,21.308349,-157.8609118,"1"
150030040002,4000,2,531,21.3101193,-157.8621388,"2"
150030041011,4101,1,599,21.3072663,-157.8485139,"1"
150030041012,4101,2,1019,21.308944,-157.850729,"1"
150030041021,4102,1,598,21.3058049,-157.8500879,"1"
150030041022,4102,2,1194,21.3070916,-157.8516546,"1"
150030041023,4102,3,646,21.3075933,-157.8539536,"1"
150030042011,4201,1,812,21.3125211,-157.8591831,"2"
150030042012,4201,2,790,21.3117141,-157.8586887,"1"
150030042021,4202,1,759,21.3123321,-157.8556979,"1"
150030042022,4202,2,1163,21.3141206,-157.8565719,"1"
150030043011,4301,1,778,21.3138107,-157.8504833,"1"
150030043012,4301,2,1495,21.3126635,-157.8452745,"1"
150030043021,4302,1,950,21.3177002,-157.8504743,"1"
150030043022,4302,2,1160,21.3177835,-157.8530421,"1"
150030043023,4302,3,1203,21.3151733,-157.8513218,"1"
150030044011,4401,1,945,21.3213436,-157.8449279,"1"
150030044012,4401,2,803,21.3185653,-157.8440108,"1"
150030044013,4401,3,788,21.3202734,-157.8434497,"1"
150030044021,4402,1,1610,21.3175353,-157.8386811,"1"
150030044022,4402,2,940,21.3334183,-157.8231409,"1"
150030045001,4500,1,1266,21.3355428,-157.8370978,"1"
150030045002,4500,2,1492,21.3495628,-157.8080287,"1"
150030045003,4500,3,1657,21.3236369,-157.8479899,"1"
150030045004,4500,4,945,21.3266768,-157.8405462,"1"
150030046001,4600,1,902,21.3555065,-157.8216465,"1"
150030046002,4600,2,918,21.3329235,-157.8438308,"1"
150030046003,4600,3,1072,21.3361733,-157.8480659,"2"
150030046004,4600,4,991,21.3340369,-157.8468826,"1"
150030047011,4701,1,1261,21.3333624,-157.8568886,"2"
150030047012,4701,2,1044,21.3361635,-157.8517895,"2"
150030047021,4702,1,673,21.3306626,-157.8560964,"2"
150030047022,4702,2,837,21.3268844,-157.8499273,"1"
150030047023,4702,3,967,21.3300844,-157.8520698,"2"
150030048011,4801,1,720,21.3449461,-157.8499499,"2"
150030048012,4801,2,892,21.3367382,-157.8659626,"2"
150030048013,4801,3,1467,21.3350048,-157.8630024,"2"
150030048021,4802,1,1551,21.3327128,-157.86124,"2"
150030048022,4802,2,1119,21.3297135,-157.8598547,"2"
150030048023,4802,3,1203,21.3298463,-157.8634869,"2"
150030049001,4900,1,1244,21.3269696,-157.8563163,"2"
150030049002,4900,2,1186,21.3248425,-157.8601865,"2"
150030049003,4900,3,921,21.3261738,-157.8582739,"2"
150030050001,5000,1,993,21.3221991,-157.8528724,"1"
150030050002,5000,2,954,21.3189974,-157.8555119,"2"
150030050003,5000,3,998,21.3240045,-157.8550078,"2"
150030050004,5000,4,1161,21.3211743,-157.8576789,"2"
150030051001,5100,1,1396,21.3129575,-157.860267,"2"
150030051002,5100,2,1509,21.3154692,-157.8587495,"2"
150030052001,5200,1,872,21.311852,-157.8643624,"2"
150030052002,5200,2,2129,21.3127414,-157.8620063,"2"
150030053001,5300,1,3072,21.3166545,-157.862388,"2"
150030053002,5300,2,1230,21.3191148,-157.8597941,"2"
150030054001,5400,1,1545,21.3199564,-157.8641037,"2"
150030055001,5500,1,2157,21.3223499,-157.8632163,"2"
150030056011,5601,1,867,21.3274867,-157.8643669,"2"
150030056012,5601,2,941,21.3257464,-157.8651856,"2"
150030056021,5602,1,1366,21.3318223,-157.8690741,"2"
150030056022,5602,2,1274,21.328875,-157.8659683,"2"
150030056023,5602,3,2484,21.3274917,-157.8699975,"2"
150030057001,5700,1,1415,21.3087006,-157.8762229,"2"
150030057002,5700,2,1068,21.3215472,-157.8690555,"2"
150030058001,5800,1,1290,21.3283339,-157.8750027,"2"
150030058002,5800,2,2032,21.3247606,-157.8781607,"2"
150030059001,5900,1,2027,21.3235359,-157.8871691,"2"
150030059002,5900,2,967,21.3303638,-157.8860909,"2"
150030060001,6000,1,2408,21.3311335,-157.8803347,"2"
150030060002,6000,2,2234,21.3295156,-157.8784395,"2"
150030060003,6000,3,1019,21.3337581,-157.8842527,"2"
150030061001,6100,1,2250,21.3333381,-157.8764011,"2"
150030061002,6100,2,2267,21.3360878,-157.8733204,"2"
150030062021,6202,1,1507,21.3397691,-157.8761341,"2"
150030062022,6202,2,1198,21.338468,-157.8747433,"2"
150030062031,6203,1,4324,21.3374658,-157.8798296,"2"
150030062032,6203,2,2101,21.3417315,-157.878834,"2"
150030063011,6301,1,1344,21.3465573,-157.8655739,"2"
150030063012,6301,2,1383,21.3443843,-157.8751329,"2"
150030063013,6301,3,1341,21.3416677,-157.8717565,"2"
150030063021,6302,1,1070,21.3505926,-157.8631545,"2"
150030063022,6302,2,2082,21.349186,-157.8682669,"2"
150030064011,6401,1,2362,21.339523,-157.8696157,"2"
150030064021,6402,1,1137,21.3485723,-157.8568885,"2"
150030064022,6402,2,1567,21.3466874,-157.8613442,"2"
150030064023,6402,3,1631,21.3544336,-157.8418139,"2"
150030064024,6402,4,2058,21.3431614,-157.8652912,"2"
150030065001,6500,1,3515,21.3676457,-157.834914,"2"
150030065002,6500,2,1179,21.3512718,-157.8578121,"2"
150030067031,6703,1,1725,21.3610649,-157.8909158,"2"
150030067041,6704,1,2407,21.3686356,-157.9038355,"2"
150030067042,6704,2,534,21.3668585,-157.9004114,"2"
150030067043,6704,3,1069,21.3859888,-157.8581655,"2"
150030067044,6704,4,1081,21.37435,-157.8585763,"2"
150030067045,6704,5,2071,21.3503896,-157.8910398,"2"
150030068061,6806,1,861,21.3488885,-157.9138531,"2"
150030068062,6806,2,897,21.3490016,-157.9167435,"2"
150030068101,6810,1,1642,21.3591201,-157.9169938,"2"
150030068102,6810,2,732,21.3612243,-157.9139096,"2"
150030068111,6811,1,1047,21.3616223,-157.9072627,"2"
150030068121,6812,1,1363,21.3508764,-157.8989627,"2"
150030068131,6813,1,2275,21.3472433,-157.9034681,"2"
150030068132,6813,2,227,21.3525842,-157.9012576,"2"
150030068133,6813,3,1055,21.3496437,-157.9104196,"2"
150030068134,6813,4,1123,21.353037,-157.9125513,"2"
150030068141,6814,1,1141,21.3446286,-157.9121133,"2"
150030068142,6814,2,1301,21.3443661,-157.9099108,"2"
150030068151,6815,1,1521,21.3447047,-157.9068653,"2"
150030068152,6815,2,644,21.3445178,-157.9041712,"2"
150030068161,6816,1,2411,21.3475946,-157.9188002,"2"
150030068171,6817,1,1857,21.3512112,-157.922302,"2"
150030068172,6817,2,1516,21.3537833,-157.9241112,"2"
150030068173,6817,3,1436,21.3565913,-157.9232441,"2"
150030068181,6818,1,1695,21.3467686,-157.9112611,"2"
150030068191,6819,1,1002,21.3454488,-157.9036911,"2"
150030068192,6819,2,1644,21.3456632,-157.9084526,"2"
150030069001,6900,1,857,21.3379592,-157.9086632,"2"
150030069002,6900,2,1797,21.3417971,-157.9075303,"2"
150030069003,6900,3,1225,21.3398633,-157.9023251,"2"
150030070011,7001,1,876,21.3484677,-157.9292171,"2"
150030070012,7001,2,689,21.3446424,-157.9353454,"2"
150030070021,7002,1,876,21.3405786,-157.9155097,"2"
150030070022,7002,2,1287,21.3427281,-157.9231943,"2"
150030071001,7100,1,1718,21.3400304,-157.9375635,"2"
150030071002,7100,2,1342,21.3359817,-157.9308231,"2"
150030073021,7302,1,1380,21.3386475,-157.9641687,"2"
150030073022,7302,2,738,21.3377728,-157.9600236,"2"
150030073023,7302,3,867,21.3385095,-157.9523745,"2"
150030073024,7302,4,1187,21.3441361,-157.9459643,"2"
150030074001,7400,1,6147,21.3568934,-157.9472647,"2"
150030074002,7400,2,1504,21.367547,-157.9574518,"2"
150030075041,7504,1,1627,21.3701191,-157.9300424,"2"
150030075042,7504,2,1745,21.3687381,-157.93356,"2"
150030075071,7507,1,1824,21.3770324,-157.9222386,"2"
150030075072,7507,2,975,21.3890033,-157.8780638,"2"
150030075073,7507,3,1888,21.380958,-157.916406,"2"
150030075074,7507,4,1939,21.4077968,-157.8573498,"2"
150030075081,7508,1,1001,21.3667869,-157.909973,"2"
150030075082,7508,2,1564,21.3646506,-157.9194517,"2"
150030075083,7508,3,1358,21.3602732,-157.9248512,"2"
150030075084,7508,4,2062,21.3669255,-157.9216081,"2"
150030075085,7508,5,1009,21.3698765,-157.9237846,"2"
150030077011,7701,1,1540,21.3822284,-157.9265677,"2"
150030077012,7701,2,2017,21.3786914,-157.9317354,"2"
150030077013,7701,3,1364,21.3766202,-157.941567,"2"
150030077021,7702,1,1098,21.3851254,-157.9303453,"2"
150030077022,7702,2,1606,21.3866202,-157.9212108,"2"
150030077023,7702,3,1179,21.4031916,-157.8898302,"2"
150030077024,7702,4,1604,21.3927093,-157.9174192,"2"
150030078041,7804,1,1181,21.3989799,-157.9598277,"2"
150030078042,7804,2,824,21.4036346,-157.9556871,"2"
150030078071,7807,1,948,21.3848236,-157.9363405,"2"
150030078072,7807,2,751,21.385382,-157.9350706,"2"
150030078073,7807,3,1104,21.3865162,-157.9375135,"2"
150030078074,7807,4,1063,21.3885484,-157.9440143,"2"
150030078075,7807,5,1426,21.386277,-157.9394351,"2"
150030078081,7808,1,1811,21.3832867,-157.948787,"2"
150030078082,7808,2,887,21.3864935,-157.9473642,"2"
150030078083,7808,3,761,21.3843636,-157.9424378,"2"
150030078091,7809,1,1234,21.4039977,-157.9345028,"2"
150030078092,7809,2,1540,21.3957379,-157.9433769,"2"
150030078093,7809,3,610,21.4023301,-157.9277344,"2"
150030078121,7812,1,774,21.396728,-157.9491319,"2"
150030078122,7812,2,1390,21.3941961,-157.9568456,"2"
150030078131,7813,1,1236,21.3970372,-157.9574355,"2"
150030078132,7813,2,687,21.3966663,-157.9537082,"2"
150030078133,7813,3,957,21.4000482,-157.9534541,"2"
150030078141,7814,1,2245,21.4052929,-157.9432903,"2"
150030078142,7814,2,1171,21.4065595,-157.9371181,"2"
150030078151,7815,1,2034,21.423735,-157.9091689,"2"
150030078161,7816,1,491,21.4148202,-157.8836145,"2"
150030078162,7816,2,1099,21.3921367,-157.9404429,"2"
150030078163,7816,3,1853,21.3917103,-157.9314424,"2"
150030078171,7817,1,1038,21.3930217,-157.9437853,"2"
150030078172,7817,2,593,21.3972287,-157.9294812,"2"
150030080011,8001,1,1990,21.3884616,-157.960582,"2"
150030080012,8001,2,674,21.3933674,-157.9754626,"2"
150030080021,8002,1,1643,21.3918085,-157.9586493,"2"
150030080022,8002,2,1254,21.3983305,-157.9660537,"2"
150030080051,8005,1,2671,21.421959,-157.9527065,"2"
150030080052,8005,2,1531,21.4202305,-157.9627484,"2"
150030080053,8005,3,789,21.4273197,-157.9514722,"2"
150030080054,8005,4,2006,21.4391794,-157.9148955,"2"
150030080081,8008,1,1048,21.4032074,-157.9744274,"2"
150030080082,8008,2,607,21.4007507,-157.980035,"2"
150030080091,8009,1,822,21.3962321,-157.9711028,"2"
150030080092,8009,2,1938,21.3998736,-157.9750402,"2"
150030080101,8010,1,1087,21.4046591,-157.9696483,"2"
150030080102,8010,2,1352,21.407638,-157.9668274,"2"
150030080111,8011,1,2697,21.4112735,-157.9705689,"2"
150030080121,8012,1,1430,21.4062095,-157.9628951,"2"
150030080122,8012,2,1503,21.4028223,-157.9609071,"2"
150030080131,8013,1,1239,21.4127524,-157.9590235,"2"
150030080132,8013,2,1395,21.408761,-157.955898,"2"
150030083012,8301,2,1868,21.3256691,-157.9789937,"2"
150030083013,8301,3,864,21.3222251,-157.9749208,"2"
150030083014,8301,4,1821,21.3216599,-157.988423,"2"
150030083021,8302,1,2001,21.3202547,-158.0057674,"2"
150030083022,8302,2,2389,21.3262712,-158.0007339,"2"
150030083023,8302,3,2863,21.3158222,-158.008002,"2"
150030084051,8405,1,1937,21.344782,-158.022298,"2"
150030084052,8405,2,868,21.3361142,-158.0219364,"2"
150030084053,8405,3,2183,21.3395216,-158.0214807,"2"
150030084071,8407,1,2134,21.3182033,-158.0182742,"2"
150030084072,8407,2,1644,21.314748,-158.0174296,"2"
150030084081,8408,1,1937,21.3210184,-158.0212181,"2"
150030084082,8408,2,4064,21.3135342,-158.0271637,"2"
150030084083,8408,3,3056,21.3082554,-158.0357277,"2"
150030084101,8410,1,1601,21.330995,-158.0249963,"2"
150030084102,8410,2,5330,21.3258012,-158.0292183,"2"
150030084111,8411,1,1241,21.3322871,-158.0359846,"2"
150030084112,8411,2,1319,21.3338543,-158.0259834,"2"
150030084113,8411,3,1049,21.3366426,-158.0269281,"2"
150030084131,8413,1,1869,21.3224829,-158.0099821,"2"
150030084132,8413,2,1531,21.3206516,-158.0136798,"2"
150030084141,8414,1,2168,21.3289816,-158.0107188,"2"
150030084151,8415,1,1611,21.3324019,-158.0197277,"2"
150030084152,8415,2,2664,21.3356163,-158.0159359,"2"
150030084161,8416,1,1015,21.3407376,-158.0304099,"2"
150030084162,8416,2,1202,21.3375062,-158.0335192,"2"
150030084171,8417,1,1101,21.3385358,-158.0299448,"2"
150030084172,8417,2,1938,21.3433579,-158.027544,"2"
150030084173,8417,3,622,21.3394506,-158.0269748,"2"
150030084181,8418,1,2915,21.3117012,-158.0149059,"2"
150030084182,8418,2,1113,21.3090204,-158.0140615,"2"
150030084183,8418,3,1734,21.3125239,-157.9984292,"2"
150030085021,8502,1,2364,21.3148743,-158.0739124,"2"
150030086091,8609,1,2179,21.33501,-158.1039847,"2"
150030086101,8610,1,1240,21.3367753,-158.1228176,"2"
150030086111,8611,1,62,21.3543317,-158.1084544,"2"
150030086231,8623,1,1449,21.3461376,-158.0706273,"2"
150030086232,8623,2,1274,21.3454975,-158.061012,"2"
150030086233,8623,3,1566,21.3399938,-158.0549111,"2"
150030086234,8623,4,119,21.3539067,-158.0576385,"2"
150030086241,8624,1,1706,21.3545699,-158.0254344,"2"
150030086242,8624,2,1363,21.3594347,-158.0250008,"2"
150030086251,8625,1,1324,21.3446558,-158.030611,"2"
150030086252,8625,2,2708,21.3493428,-158.0292565,"2"
150030086261,8626,1,2201,21.3436542,-158.0365719,"2"
150030086262,8626,2,1772,21.337178,-158.0451623,"2"
150030086271,8627,1,1594,21.4088583,-158.0766498,"2"
150030086272,8627,2,1716,21.3591773,-158.0711114,"2"
150030086273,8627,3,1184,21.3695496,-158.0827754,"2"
150030086274,8627,4,2355,21.3484615,-158.0462294,"2"
150030086275,8627,5,2944,21.3666299,-158.0397561,"2"
150030086281,8628,1,1957,21.336691,-158.0704869,"2"
150030086282,8628,2,1890,21.3395515,-158.0665481,"2"
150030086291,8629,1,2110,21.3360077,-158.0604968,"2"
150030086301,8630,1,1690,21.3570672,-158.0882596,"2"
150030086302,8630,2,1089,21.366407,-158.0869001,"2"
150030086311,8631,1,1635,21.3616833,-158.0905961,"2"
150030086312,8631,2,1591,21.3764613,-158.101729,"2"
150030086321,8632,1,833,21.3402363,-158.0824058,"2"
150030086322,8632,2,2570,21.3464577,-158.0853163,"2"
150030086323,8632,3,922,21.3493646,-158.0913758,"2"
150030086324,8632,4,992,21.3388935,-158.0910274,"2"
150030086331,8633,1,2726,21.3510332,-158.0819084,"2"
150030086341,8634,1,784,21.363431,-158.0807091,"2"
150030086342,8634,2,707,21.3595857,-158.0814556,"2"
150030086343,8634,3,1309,21.3619025,-158.0843653,"2"
150030087021,8702,1,2830,21.3858352,-158.0060832,"2"
150030087022,8702,2,2152,21.3818437,-158.0057086,"2"
150030087023,8702,3,1508,21.3912112,-158.0015389,"2"
150030087041,8704,1,517,21.3923078,-157.9853811,"2"
150030087042,8704,2,2814,21.384461,-157.9972113,"2"
150030087051,8705,1,1917,21.3776885,-158.012728,"2"
150030087052,8705,2,1333,21.3841439,-158.0141556,"2"
150030087061,8706,1,1026,21.3721615,-158.024663,"2"
150030087062,8706,2,1376,21.3763352,-158.0207503,"2"
150030087063,8706,3,1248,21.3656268,-158.0179023,"2"
150030087071,8707,1,2029,21.3918457,-157.9977477,"2"
150030087072,8707,2,1746,21.3919699,-157.9935275,"2"
150030087073,8707,3,1775,21.3953702,-157.9934769,"2"
150030087074,8707,4,1435,21.3878755,-157.9985167,"2"
150030088011,8801,1,2171,21.3927883,-158.0052662,"2"
150030088012,8801,2,1885,21.3962171,-158.0063941,"2"
150030088021,8802,1,1153,21.3902266,-158.0124357,"2"
150030088022,8802,2,1860,21.3875088,-158.0169963,"2"
150030088023,8802,3,2291,21.3900005,-158.0085297,"2"
150030089061,8906,1,1040,21.4541835,-158.0234284,"2"
150030089062,8906,2,1512,21.4473075,-158.0166244,"2"
150030089063,8906,3,1474,21.4532257,-158.0190118,"2"
150030089091,8909,1,1009,21.4355115,-158.0193893,"2"
150030089092,8909,2,1615,21.4425043,-158.0192885,"2"
150030089093,8909,3,1196,21.4400552,-158.0153294,"2"
150030089121,8912,1,1557,21.398236,-158.0015415,"2"
150030089122,8912,2,1546,21.3950858,-158.0004164,"2"
150030089131,8913,1,2155,21.3831675,-158.0278701,"2"
150030089132,8913,2,1604,21.3838445,-158.0227121,"2"
150030089133,8913,3,1369,21.387264,-158.0219663,"2"
150030089171,8917,1,900,21.4621931,-158.0045963,"2"
150030089172,8917,2,779,21.4507915,-158.0078749,"2"
150030089173,8917,3,1233,21.4583345,-157.999193,"2"
150030089174,8917,4,748,21.456861,-158.0049323,"2"
150030089175,8917,5,919,21.4514431,-158.0028216,"2"
150030089181,8918,1,835,21.4334675,-158.0100401,"2"
150030089182,8918,2,1467,21.44623,-158.003352,"2"
150030089183,8918,3,1123,21.4412889,-158.0112014,"2"
150030089184,8918,4,1012,21.4466267,-158.0090109,"2"
150030089185,8918,5,1092,21.4472895,-158.0128887,"2"
150030089211,8921,1,1727,21.4060043,-157.9945504,"2"
150030089212,8921,2,1394,21.403479,-157.990485,"2"
150030089261,8926,1,1742,21.4819263,-158.0073741,"2"
150030089281,8928,1,2021,21.4776468,-157.988604,"2"
150030089282,8928,2,2081,21.4824751,-157.9911527,"2"
150030089291,8929,1,657,21.4689863,-158.0030917,"2"
150030089292,8929,2,1642,21.4742163,-158.0003691,"2"
150030089293,8929,3,1055,21.4742748,-157.9934711,"2"
150030089294,8929,4,613,21.4707526,-157.9961593,"2"
150030089295,8929,5,939,21.4736034,-157.9976139,"2"
150030089301,8930,1,980,21.4626803,-157.9922555,"2"
150030089302,8930,2,1436,21.4679455,-157.9948437,"2"
150030089311,8931,1,204,21.4493764,-157.9467717,"2"
150030089312,8931,2,1590,21.4834041,-157.9800135,"2"
150030089313,8931,3,1430,21.4824936,-157.93926,"2"
150030089321,8932,1,854,21.4372467,-158.0237152,"2"
150030089322,8932,2,1791,21.4444334,-158.0238101,"2"
150030089331,8933,1,2097,21.4251333,-158.0200292,"2"
150030089332,8933,2,1126,21.431836,-158.0179714,"2"
150030089341,8934,1,1347,21.4000982,-158.0291114,"2"
150030089342,8934,2,1471,21.404298,-158.0304329,"2"
150030089343,8934,3,708,21.43167,-158.0394905,"2"
150030089351,8935,1,1906,21.3930979,-158.034052,"2"
150030089352,8935,2,2025,21.3951377,-158.0295396,"2"
150030089361,8936,1,1808,21.3919516,-158.0266407,"2"
150030089362,8936,2,1467,21.3873385,-158.0303868,"2"
150030089371,8937,1,1737,21.3789119,-158.024825,"2"
150030089381,8938,1,1161,21.3812313,-158.0215143,"2"
150030089382,8938,2,2081,21.3824676,-158.0181112,"2"
150030089391,8939,1,56,21.4728016,-158.0224324,"2"
150030089392,8939,2,1087,21.4684781,-158.0180483,"2"
150030089393,8939,3,1452,21.4683296,-158.0202067,"2"
150030089401,8940,1,2073,21.4663924,-158.0149615,"2"
150030089402,8940,2,863,21.4674312,-158.0083099,"2"
150030089411,8941,1,1934,21.4556209,-158.0115787,"2"
150030089421,8942,1,1629,21.462438,-158.009914,"2"
150030089422,8942,2,741,21.4590387,-158.0162726,"2"
150030089431,8943,1,1372,21.4794321,-158.0010054,"2"
150030089441,8944,1,804,21.4729183,-158.0100274,"2"
150030089442,8944,2,1639,21.4755745,-158.0084973,"2"
150030089443,8944,3,1074,21.4740053,-158.0042152,"2"
150030089451,8945,1,1436,21.4363903,-157.9993477,"2"
150030089461,8946,1,1001,21.4151677,-157.9953531,"2"
150030089462,8946,2,803,21.4126351,-157.9926442,"2"
150030089463,8946,3,1106,21.4190761,-157.9968839,"2"
150030089471,8947,1,1846,21.4193208,-158.0022519,"2"
150030089481,8948,1,1007,21.4130324,-157.9985356,"2"
150030089482,8948,2,752,21.4097914,-157.9966614,"2"
150030089483,8948,3,1080,21.4163387,-158.0001276,"2"
150030089491,8949,1,1540,21.4043216,-158.0053159,"2"
150030089501,8950,1,2068,21.3967993,-158.0223833,"2"
150030089511,8951,1,1193,21.3945283,-158.0225289,"2"
150030089512,8951,2,908,21.391773,-158.0222097,"2"
150030089521,8952,1,2012,21.4120069,-158.0082541,"2"
150030089522,8952,2,1672,21.4005129,-158.0000114,"2"
150030089523,8952,3,2316,21.3970488,-158.0141359,"2"
150030090001,9000,1,784,21.4641364,-158.0283211,"2"
150030090002,9000,2,1628,21.4772227,-158.0371627,"2"
150030091001,9100,1,1316,21.5122715,-158.0334382,"2"
150030091002,9100,2,2978,21.5189877,-157.9541551,"2"
150030091003,9100,3,1390,21.5127866,-158.0236571,"2"
150030092011,9201,1,1234,21.5019782,-158.0058405,"2"
150030092012,9201,2,834,21.5054035,-157.9979191,"2"
150030092013,9201,3,1355,21.5093287,-157.9922966,"2"
150030092021,9202,1,845,21.5093267,-158.0049081,"2"
150030092022,9202,2,1917,21.5055414,-158.0068549,"2"
150030092031,9203,1,2260,21.5017426,-158.0156775,"2"
150030093011,9301,1,1575,21.5013002,-158.0263456,"2"
150030093021,9302,1,1557,21.4958798,-158.022875,"2"
150030093022,9302,2,771,21.4957278,-158.0282021,"2"
150030093023,9302,3,996,21.5021123,-158.0216896,"2"
150030094011,9401,1,1471,21.4946083,-158.0421099,"2"
150030094021,9402,1,1487,21.4936934,-158.0311469,"2"
150030094022,9402,2,1306,21.4983764,-158.032462,"2"
150030094023,9402,3,1050,21.4908084,-158.0356536,"2"
150030095071,9507,1,1506,21.503008,-158.0619856,"2"
150030095072,9507,2,1228,21.5010139,-158.0656122,"2"
150030095081,9508,1,991,21.4964283,-158.0737963,"2"
150030095091,9509,1,948,21.4937441,-158.0707554,"2"
150030095092,9509,2,1695,21.4956329,-158.0645104,"2"
150030095101,9510,1,667,21.4904262,-158.0759761,"2"
150030095102,9510,2,588,21.4895953,-158.0789164,"2"
150030095111,9511,1,1228,21.4897825,-158.0703725,"2"
150030095112,9511,2,1318,21.4867513,-158.0615345,"2"
150030095121,9512,1,1116,21.4917483,-158.0491955,"2"
150030095122,9512,2,2852,21.4864027,-158.0511907,"2"
150030095123,9512,3,767,21.4917096,-158.0593789,"2"
150030096081,9608,1,1813,21.3912592,-158.1530567,"2"
150030096082,9608,2,1080,21.4376612,-158.1287449,"2"
150030096083,9608,3,1596,21.3997241,-158.173294,"2"
150030096084,9608,4,1175,21.3983198,-158.1523456,"2"
150030096091,9609,1,2392,21.4132169,-158.1618449,"2"
150030096092,9609,2,1088,21.4073884,-158.1691094,"2"
150030096093,9609,3,1590,21.4037124,-158.162374,"2"
150030096101,9610,1,1027,21.4261082,-158.1770772,"2"
150030096102,9610,2,2228,21.4091574,-158.1739276,"2"
150030096103,9610,3,1199,21.4189711,-158.1780793,"2"
150030096104,9610,4,1218,21.4222804,-158.1747974,"2"
150030096105,9610,5,1433,21.418285,-158.1741699,"2"
150030097041,9704,1,2036,21.4494527,-158.1560817,"2"
150030097042,9704,2,1517,21.4354579,-158.173223,"2"
150030097051,9705,1,953,21.4395338,-158.1803965,"2"
150030097052,9705,2,897,21.4389104,-158.1871217,"2"
150030097053,9705,3,1790,21.4381539,-158.1832948,"2"
150030097061,9706,1,1071,21.4621503,-158.1597661,"2"
150030097062,9706,2,855,21.4473576,-158.1758628,"2"
150030097063,9706,3,1270,21.4558292,-158.1632805,"2"
150030097071,9707,1,2054,21.453131,-158.1926808,"2"
150030097072,9707,2,858,21.454658,-158.1985724,"2"
150030097073,9707,3,1944,21.4469221,-158.190999,"2"
150030097074,9707,4,1719,21.4868759,-158.1593733,"2"
150030098011,9801,1,2091,21.5106445,-158.216147,"2"
150030098012,9801,2,1714,21.4825139,-158.2129,"2"
150030098031,9803,1,988,21.4644215,-158.2113667,"2"
150030098032,9803,2,811,21.4676746,-158.2163893,"2"
150030098033,9803,3,1026,21.4717876,-158.2160091,"2"
150030098041,9804,1,725,21.4730463,-158.2148069,"2"
150030098042,9804,2,1605,21.4651198,-158.2043675,"2"
150030098043,9804,3,1330,21.4710885,-158.2100437,"2"
150030099021,9902,1,689,21.5859012,-158.1155633,"2"
150030099022,9902,2,1256,21.5767619,-158.113775,"2"
150030099023,9902,3,1261,21.5697735,-158.1139837,"2"
150030099024,9902,4,792,21.5879691,-158.1072561,"2"
150030099051,9905,1,1175,21.5668305,-158.1265903,"2"
150030099052,9905,2,1053,21.5724854,-158.1219943,"2"
150030099053,9905,3,1651,21.5816815,-158.1260842,"2"
150030099061,9906,1,1245,21.5818155,-158.1461285,"2"
150030099062,9906,2,657,21.5636399,-158.1850646,"2"
150030099063,9906,3,19,21.5759989,-158.1998023,"2"
150030100001,10000,1,1022,21.5911227,-158.0564189,"2"
150030100002,10000,2,852,21.5352715,-158.0635265,"2"
150030100003,10000,3,1894,21.5356064,-158.0178962,"2"
150030101011,10101,1,1703,21.6507432,-158.0618102,"2"
150030101012,10101,2,1189,21.6395263,-158.0407077,"2"
150030101021,10102,1,1708,21.6567058,-158.0135175,"2"
150030101022,10102,2,706,21.6591655,-158.0368116,"2"
150030101031,10103,1,440,21.651861,-157.9827562,"2"
150030101032,10103,2,2852,21.680679,-157.941783,"2"
150030102021,10202,1,2259,21.643601,-157.9293905,"2"
150030102022,10202,2,1026,21.6185312,-157.9439002,"2"
150030102023,10202,3,2773,21.6469502,-157.9244716,"2"
150030102024,10202,4,1333,21.6506643,-157.9251647,"2"
150030102031,10203,1,1381,21.5577941,-157.9053398,"2"
150030102041,10204,1,886,21.5879865,-157.9219659,"2"
150030102042,10204,2,1950,21.6087344,-157.9077414,"2"
150030102051,10205,1,1693,21.5326477,-157.8746059,"2"
150030103031,10303,1,1920,21.4698372,-157.8547458,"2"
150030103032,10303,2,2212,21.4465084,-157.856341,"2"
150030103033,10303,3,904,21.5083375,-157.8848453,"2"
150030103051,10305,1,1920,21.4384364,-157.840465,"2"
150030103052,10305,2,1158,21.447509,-157.8356301,"2"
150030103053,10305,3,2278,21.4631059,-157.8066732,"2"
150030103081,10308,1,1704,21.4034045,-157.8081196,"1"
150030103082,10308,2,1709,21.3974443,-157.806952,"1"
150030103083,10308,3,14,21.3746155,-157.7946813,"1"
150030103091,10309,1,968,21.4178229,-157.8279609,"2"
150030103092,10309,2,2063,21.4380446,-157.834413,"2"
150030103093,10309,3,866,21.4277177,-157.8407598,"2"
150030103101,10310,1,1860,21.4302018,-157.817328,"2"
150030103102,10310,2,637,21.4371062,-157.8263876,"2"
150030105031,10503,1,245,21.4074804,-157.8132701,"2"
150030105032,10503,2,2018,21.4115618,-157.8050658,"1"
150030105051,10505,1,901,21.4300877,-157.8068766,"2"
150030105052,10505,2,1797,21.4210875,-157.8094252,"2"
150030105053,10505,3,829,21.4247862,-157.8006465,"2"
150030105071,10507,1,2597,21.4176363,-157.8074781,"2"
150030105072,10507,2,767,21.4144985,-157.8066594,"2"
150030105073,10507,3,875,21.4136743,-157.8138841,"2"
150030105074,10507,4,1271,21.4083721,-157.8190137,"2"
150030105081,10508,1,959,21.4234125,-157.7900398,"1"
150030105082,10508,2,1789,21.4225476,-157.7967337,"1"
150030105091,10509,1,873,21.4165286,-157.7978229,"1"
150030105092,10509,2,1214,21.4189132,-157.7978818,"1"
150030105101,10510,1,1816,21.4163528,-157.7881916,"1"
150030105102,10510,2,1457,21.413839,-157.7955882,"1"
150030106011,10601,1,1374,21.4093319,-157.7896476,"1"
150030106012,10601,2,1679,21.4073315,-157.7973653,"1"
150030106013,10601,3,868,21.4070283,-157.8005064,"1"
150030106021,10602,1,1887,21.3968621,-157.8009276,"1"
150030106022,10602,2,2220,21.3893048,-157.7986806,"1"
150030106023,10602,3,1879,21.4001304,-157.7949708,"1"
150030107011,10701,1,1414,21.4054746,-157.7738952,"1"
150030107012,10701,2,1399,21.4148028,-157.765386,"1"
150030107013,10701,3,1584,21.4126129,-157.775487,"1"
150030107021,10702,1,1315,21.3937411,-157.7835821,"1"
150030107022,10702,2,1036,21.4012318,-157.790194,"1"
150030107023,10702,3,1481,21.4015291,-157.7869319,"1"
150030109011,10901,1,988,21.4260849,-157.748725,"1"
150030109012,10901,2,2268,21.416951,-157.7565932,"1"
150030109031,10903,1,2467,21.4033558,-157.7520684,"1"
150030109032,10903,2,562,21.3932948,-157.7453835,"1"
150030109033,10903,3,1128,21.3968753,-157.7477438,"1"
150030109041,10904,1,952,21.4039146,-157.747709,"1"
150030109042,10904,2,1047,21.408872,-157.7502398,"1"
150030109043,10904,3,895,21.4131465,-157.7487315,"1"
150030109044,10904,4,909,21.4073235,-157.7453545,"1"
150030109051,10905,1,1007,21.3973871,-157.7437985,"1"
150030109052,10905,2,1623,21.4004461,-157.743974,"1"
150030110001,11000,1,2023,21.3610704,-157.7728486,"1"
150030110002,11000,2,1674,21.3653723,-157.7535692,"1"
150030111031,11103,1,2719,21.3769035,-157.7411231,"1"
150030111032,11103,2,1493,21.382303,-157.7490822,"1"
150030111041,11104,1,1301,21.3856119,-157.7310205,"1"
150030111042,11104,2,1157,21.3838156,-157.7336813,"1"
150030111043,11104,3,1341,21.375804,-157.7323155,"1"
150030111044,11104,4,1290,21.3773913,-157.7348412,"1"
150030111051,11105,1,801,21.39325,-157.7354605,"1"
150030111052,11105,2,1862,21.3899769,-157.7349528,"1"
150030111053,11105,3,1001,21.3920224,-157.7411212,"1"
150030111061,11106,1,1393,21.3759362,-157.72469,"1"
150030111062,11106,2,1295,21.3814744,-157.7213597,"1"
150030111063,11106,3,1237,21.3639524,-157.731368,"1"
150030111064,11106,4,849,21.3729509,-157.7291634,"1"
150030111065,11106,5,1369,21.3714275,-157.7241711,"1"
150030112011,11201,1,1144,21.4026122,-157.740073,"1"
150030112012,11201,2,886,21.3991245,-157.7318689,"1"
150030112013,11201,3,744,21.3958439,-157.7240732,"1"
150030112014,11201,4,785,21.4113527,-157.7436078,"1"
150030112015,11201,5,1052,21.4184196,-157.7450482,"1"
150030112021,11202,1,671,21.3911331,-157.7162262,"1"
150030112022,11202,2,1005,21.3886823,-157.7140749,"1"
150030113001,11300,1,1279,21.3328846,-157.7316992,"1"
150030113002,11300,2,2262,21.3498425,-157.7356088,"1"
150030113003,11300,3,2516,21.3447816,-157.7158505,"1"
150030114011,11401,1,675,21.381126,-157.969421,"2"
150030114012,11401,2,1084,21.3797721,-157.9741412,"2"
150030115001,11500,1,2065,21.331412,-158.0667525,"2"
150030115002,11500,2,2168,21.3337736,-158.0659137,"2"
150030115003,11500,3,2159,21.3305927,-158.0594496,"2"
150030115004,11500,4,3296,21.3262507,-158.077199,"2"
150030115005,11500,5,1358,21.3329428,-158.0802667,"2"
150030116001,11600,1,813,21.3229223,-157.8196036,"1"
150030116002,11600,2,1210,21.3121767,-157.8349901,"1"
150039400031,940003,1,2509,21.3363219,-157.6988606,"1"
150039400041,940004,1,2331,21.3230222,-157.6871364,"1"
150039400051,940005,1,2367,21.3959544,-158.1219649,"2"
150039400061,940006,1,2446,21.3783104,-158.144325,"2"
150039400071,940007,1,2059,21.385426,-158.1502325,"2"
150039802001,980200,1,304,21.3262103,-157.9162802,"2"
150039803001,980300,1,16,21.3065629,-158.1090777,"2"
150039806001,980600,1,9,21.4958752,-158.1072168,"2"
150039808001,980800,1,3,21.3852758,-157.803684,"1"
150039810001,981000,1,30,21.393598,-157.7585746,"1"
150039811001,981100,1,167,21.3627312,-157.715622,"1"
150039813001,981300,1,252,21.338772,-157.8953648,"2"
150039814001,981400,1,96,21.3226396,-157.9059542,"2"
150039817001,981700,1,2841,21.4483864,-157.7625515,"1"
150039818011,981801,1,2402,21.4470632,-157.7436233,"1"
150039818021,981802,1,948,21.4542183,-157.7305955,"1"
150039818031,981803,1,3292,21.4369085,-157.7454633,"1"
150039819001,981900,1,349,21.3248627,-157.9532561,"2"
150039820001,982000,1,1060,21.3551709,-157.87121,"2"
150039821001,982100,1,1,21.3033453,-157.8365487,"1"
150039822001,982200,1,31,21.3684,-157.9938605,"2"
150050319001,31900,1,82,21.1766675,-156.9657475,"1"
150070401041,40104,1,1129,22.1312495,-159.5209723,"2"
150070401042,40104,2,428,22.2030009,-159.5032922,"2"
150070401051,40105,1,1490,22.171279,-159.4323996,"2"
150070401052,40105,2,2903,22.1923874,-159.3846499,"2"
150070401061,40106,1,848,22.2258433,-159.4743471,"2"
150070401062,40106,2,683,22.2157059,-159.4653353,"2"
150070401063,40106,3,626,22.2176577,-159.4909044,"2"
150070402041,40204,1,2693,22.0809567,-159.3649867,"2"
150070402042,40204,2,3042,22.0688798,-159.3906291,"2"
150070402051,40205,1,1020,22.0535712,-159.3307377,"2"
150070402052,40205,2,1097,22.0453161,-159.3628609,"2"
150070402053,40205,3,719,22.0652714,-159.3554839,"2"
150070402054,40205,4,1233,22.0515537,-159.3407273,"2"
150070403011,40301,1,1488,22.0910243,-159.3210492,"2"
150070403012,40301,2,2966,22.0900219,-159.3301208,"2"
150070403013,40301,3,2389,22.1000203,-159.3282709,"2"
150070403021,40302,1,1364,22.0869435,-159.3111035,"2"
150070403022,40302,2,763,22.0680603,-159.3177255,"2"
150070404011,40401,1,2141,21.9955916,-159.3608453,"2"
150070404012,40401,2,2853,21.9988592,-159.3394244,"2"
150070404013,40401,3,2330,22.0114194,-159.405069,"2"
150070404021,40402,1,1699,21.9600247,-159.3740082,"2"
150070404022,40402,2,1459,21.9681397,-159.3957084,"2"
150070405001,40500,1,1294,21.9848689,-159.3732971,"2"
150070405002,40500,2,1762,21.9679065,-159.3633911,"2"
150070405003,40500,3,1336,21.9619473,-159.3574033,"2"
150070405004,40500,4,2063,21.9746689,-159.3427059,"2"
150070406031,40603,1,536,21.8736719,-159.4419253,"2"
150070406032,40603,2,2400,21.930301,-159.4400516,"2"
150070406041,40604,1,2152,21.9237453,-159.4769565,"2"
150070406042,40604,2,1386,21.9005358,-159.4810163,"2"
150070407011,40701,1,1195,21.9555282,-159.5151917,"2"
150070407012,40701,2,1509,21.9289386,-159.5235057,"2"
150070407021,40702,1,1622,21.9145851,-159.5177673,"2"
150070407022,40702,2,1272,21.9189417,-159.5346589,"2"
150070407023,40702,3,2515,21.9026212,-159.5827197,"2"
150070407024,40702,4,906,21.9018897,-159.5451161,"2"
150070408001,40800,1,1412,22.0044912,-159.6293228,"2"
150070408002,40800,2,1669,21.9195868,-159.5879289,"2"
150070408003,40800,3,688,21.9036042,-159.5961126,"2"
150070409001,40900,1,700,22.0575598,-159.7212185,"2"
150070409002,40900,2,1261,21.9630881,-159.6623858,"2"
150070409003,40900,3,662,21.9562762,-159.673684,"2"
150070409004,40900,4,882,21.9604675,-159.7041784,"2"
150070409005,40900,5,854,21.9675304,-159.7144699,"2"
150070409006,40900,6,1612,21.9753853,-159.7287428,"2"
150070412001,41200,1,84,21.8958738,-160.1524561,"2"
150079400001,940000,1,2407,22.1066838,-159.3994034,"2"
150079400002,940000,2,1756,22.1422057,-159.3045071,"2"
150090301001,30100,1,1856,20.7341498,-156.1069788,"1"
150090301002,30100,2,863,20.7667531,-155.990863,"1"
150090302011,30201,1,1853,20.8610908,-156.2460297,"1"
150090302012,30201,2,911,20.9288377,-156.2664096,"1"
150090302031,30203,1,2600,20.8902917,-156.3064858,"1"
150090302032,30203,2,1734,20.9077659,-156.3259277,"1"
150090302041,30204,1,1171,20.9218494,-156.3153541,"1"
150090302042,30204,2,1796,20.9151942,-156.2936294,"1"
150090302043,30204,3,591,20.9379504,-156.3027373,"1"
150090303041,30304,1,1822,20.7765037,-156.3536521,"1"
150090303042,30304,2,1447,20.7263423,-156.3791028,"1"
150090303051,30305,1,867,20.7243316,-156.2210431,"1"
150090303052,30305,2,1380,20.7571327,-156.320235,"1"
150090303053,30305,3,1634,20.6407507,-156.362207,"1"
150090303054,30305,4,1929,20.7843021,-156.3162323,"1"
150090303061,30306,1,2243,20.7269196,-156.4204217,"1"
150090303071,30307,1,640,20.6463931,-156.4275605,"1"
150090303072,30307,2,902,20.696768,-156.4385614,"1"
150090304031,30403,1,1260,20.8292099,-156.2927666,"1"
150090304032,30403,2,2262,20.8416618,-156.3153718,"1"
150090304041,30404,1,1405,20.8900901,-156.3412694,"1"
150090304042,30404,2,1747,20.8562762,-156.3145111,"1"
150090304043,30404,3,2410,20.8487009,-156.325412,"1"
150090304051,30405,1,1850,20.8199142,-156.3144465,"1"
150090304061,30406,1,1799,20.8363129,-156.3370965,"1"
150090304062,30406,2,1806,20.8372588,-156.3457325,"1"
150090304063,30406,3,3885,20.8285693,-156.3432519,"1"
150090305011,30501,1,1891,20.9008228,-156.3613443,"1"
150090305012,30501,2,602,20.9241786,-156.3516356,"1"
150090307051,30705,1,1912,20.8021917,-156.439642,"1"
150090307052,30705,2,2654,20.7776749,-156.4504969,"1"
150090307061,30706,1,2472,20.7831105,-156.4650291,"1"
150090307081,30708,1,2378,20.7411874,-156.4456257,"1"
150090307082,30708,2,779,20.7446742,-156.4565433,"1"
150090307091,30709,1,1330,20.7264269,-156.4489607,"1"
150090307092,30709,2,1190,20.7170695,-156.4419775,"1"
150090307093,30709,3,914,20.7232111,-156.4439878,"1"
150090307101,30710,1,1588,20.7079251,-156.4457912,"1"
150090307102,30710,2,815,20.7120406,-156.4428968,"1"
150090307111,30711,1,1118,20.7699086,-156.4575761,"1"
150090307112,30711,2,1320,20.769262,-156.4537983,"1"
150090307121,30712,1,1990,20.7615592,-156.453991,"1"
150090307131,30713,1,585,20.7612825,-156.458807,"1"
150090307132,30713,2,2781,20.7531886,-156.451827,"1"
150090308001,30800,1,3259,20.9375951,-156.5609792,"1"
150090308002,30800,2,753,20.8955602,-156.5298377,"1"
150090308003,30800,3,3401,20.8366534,-156.5305986,"1"
150090309011,30901,1,845,20.8894437,-156.5088619,"1"
150090309012,30901,2,970,20.8875943,-156.506986,"1"
150090309013,30901,3,1033,20.891198,-156.5002068,"1"
150090309021,30902,1,2606,20.8994248,-156.4918334,"1"
150090309022,30902,2,822,20.9058196,-156.4826684,"1"
150090309031,30903,1,2501,20.9108425,-156.4975653,"1"
150090309032,30903,2,1481,20.899179,-156.4972753,"1"
150090309033,30903,3,2523,20.9110245,-156.4899226,"1"
150090310011,31001,1,788,20.8754671,-156.5207093,"1"
150090310012,31001,2,1023,20.8926263,-156.5140123,"1"
150090310013,31001,3,2306,20.8773736,-156.5036629,"1"
150090310014,31001,4,2356,20.8751523,-156.5102992,"1"
150090310021,31002,1,1140,20.8840933,-156.50151,"1"
150090310022,31002,2,976,20.88498,-156.4936945,"1"
150090310023,31002,3,2046,20.8948205,-156.4891551,"1"
150090311021,31102,1,1218,20.8862966,-156.4822772,"1"
150090311022,31102,2,2135,20.8815534,-156.4814728,"1"
150090311023,31102,3,2512,20.8796177,-156.4772001,"1"
150090311041,31104,1,2144,20.8636778,-156.4795506,"1"
150090311051,31105,1,893,20.8713295,-156.4776863,"1"
150090311052,31105,2,1877,20.8759201,-156.4724687,"1"
150090311053,31105,3,3676,20.8733668,-156.4672872,"1"
150090311061,31106,1,3330,20.8740638,-156.482272,"1"
150090311062,31106,2,1733,20.8801507,-156.4864367,"1"
150090311063,31106,3,939,20.8927561,-156.4813334,"1"
150090311071,31107,1,2079,20.8588704,-156.4923831,"1"
150090314021,31402,1,1491,20.8997498,-156.6428128,"1"
150090314022,31402,2,1717,20.8900616,-156.6844154,"1"
150090314041,31404,1,833,20.8723515,-156.678589,"1"
150090314042,31404,2,1189,20.8649628,-156.6731955,"1"
150090314043,31404,3,1201,20.8821773,-156.6857514,"1"
150090314051,31405,1,1423,20.8788903,-156.6348154,"1"
150090314052,31405,2,1902,20.8880456,-156.6635768,"1"
150090314053,31405,3,1629,20.8814117,-156.6761269,"1"
150090314054,31405,4,1326,20.8846019,-156.6692859,"1"
150090315011,31501,1,1131,20.9881053,-156.6666404,"1"
150090315012,31501,2,1236,21.0024908,-156.6624144,"1"
150090315031,31503,1,1082,20.9228009,-156.6762669,"1"
150090315032,31503,2,1462,20.9249168,-156.6436576,"1"
150090315041,31504,1,1202,20.9751521,-156.6261769,"1"
150090315051,31505,1,269,20.9638508,-156.6830972,"1"
150090315052,31505,2,1403,20.9711132,-156.6752049,"1"
150090315053,31505,3,1869,20.9593593,-156.6578307,"1"
150090316011,31601,1,2319,20.8364824,-156.9273772,"1"
150090316012,31601,2,1048,20.8248424,-156.9198939,"1"
150090317001,31700,1,953,21.0989882,-156.7833672,"1"
150090317002,31700,2,1164,21.1311732,-156.8352374,"1"
150090317003,31700,3,555,21.0868654,-157.0202643,"1"
150090317004,31700,4,1166,21.104298,-157.0107999,"1"
150090317005,31700,5,603,21.0814479,-156.999497,"1"
150090318011,31801,1,1198,21.1377254,-157.1979062,"1"
150090318012,31801,2,1648,21.1769347,-157.087856,"1"
150090319001,31900,1,3050,20.8793101,-156.4255274,"1"
150090319002,31900,2,1575,20.8801012,-156.4642653,"1"
150090319003,31900,3,1651,20.8818567,-156.4686238,"1"
150090320001,32000,1,1112,20.8127434,-156.5627277,"1"
