"GEOCODE","TRACT","BLKGRP","POP100","INTPTLAT","INTPTLON","CLUSTER"
160010001011,101,1,360,43.6074008,-116.2018255,"1"
160010001012,101,2,1217,43.6153108,-116.2159151,"1"
160010001021,102,1,1290,43.6224639,-116.2071101,"1"
160010001022,102,2,611,43.6197534,-116.2166748,"1"
160010001023,102,3,615,43.616458,-116.1969606,"1"
160010001024,102,4,745,43.6126794,-116.1994294,"1"
160010002011,201,1,2243,43.6312002,-116.1842139,"1"
160010002012,201,2,1325,43.6314866,-116.1710011,"1"
160010002021,202,1,2129,43.6815927,-116.202564,"1"
160010002022,202,2,1432,43.6767259,-116.2351561,"1"
160010002023,202,3,2791,43.6611462,-116.1809526,"1"
160010003021,302,1,1132,43.6549158,-116.2508165,"1"
160010003022,302,2,873,43.6596922,-116.2440832,"1"
160010003023,302,3,1427,43.651888,-116.2409318,"1"
160010003031,303,1,1365,43.64865,-116.2511745,"1"
160010003032,303,2,866,43.6616133,-116.2738776,"1"
160010003051,305,1,1548,43.6684267,-116.2729981,"1"
160010003052,305,2,1178,43.6759515,-116.2738415,"1"
160010003061,306,1,1642,43.6620128,-116.2534266,"1"
160010003062,306,2,1322,43.6708128,-116.2626738,"1"
160010003063,306,3,1455,43.6625466,-116.2623152,"1"
160010004011,401,1,1192,43.6430266,-116.2474939,"1"
160010004012,401,2,947,43.6455146,-116.2385943,"1"
160010004021,402,1,1161,43.6260312,-116.2198622,"1"
160010004022,402,2,1595,43.6277411,-116.2267509,"1"
160010004023,402,3,881,43.6315306,-116.2335468,"1"
160010005011,501,1,892,43.6454961,-116.2281955,"1"
160010005012,501,2,910,43.6509886,-116.2301952,"1"
160010005013,501,3,1212,43.6389091,-116.2278987,"1"
160010005021,502,1,1726,43.6324671,-116.2176101,"1"
160010005022,502,2,1711,43.6412377,-116.2190155,"1"
160010006011,601,1,1000,43.6297278,-116.2095986,"1"
160010006012,601,2,1341,43.6372504,-116.2101891,"1"
160010006021,602,1,814,43.6257151,-116.2001966,"1"
160010006022,602,2,1068,43.6257501,-116.1954579,"1"
160010006023,602,3,1461,43.6312335,-116.2025768,"1"
160010007011,701,1,1821,43.6077196,-116.1788447,"1"
160010007012,701,2,1899,43.6031345,-116.179265,"1"
160010007013,701,3,1300,43.6128795,-116.180209,"1"
160010007031,703,1,2417,43.5723743,-116.1332037,"1"
160010007041,704,1,1590,43.586351,-116.1366995,"1"
160010007042,704,2,2181,43.6033658,-116.1506907,"1"
160010008031,803,1,919,43.5739873,-116.1659133,"1"
160010008032,803,2,1556,43.5682965,-116.1711434,"1"
160010008033,803,3,992,43.5706399,-116.1586654,"1"
160010008034,803,4,1044,43.5661704,-116.1506024,"1"
160010008051,805,1,1349,43.5788428,-116.1708828,"1"
160010008052,805,2,1109,43.5690168,-116.140818,"1"
160010008053,805,3,856,43.5820939,-116.1622351,"1"
160010008061,806,1,1432,43.5965037,-116.1916152,"1"
160010008062,806,2,1040,43.5957317,-116.1846013,"1"
160010008071,807,1,1365,43.5828736,-116.1758794,"1"
160010008072,807,2,846,43.5881345,-116.1819939,"1"
160010008081,808,1,497,43.5909191,-116.1775594,"1"
160010008082,808,2,1352,43.5926479,-116.1757535,"1"
160010008091,809,1,1845,43.571786,-116.1809628,"1"
160010008092,809,2,733,43.5796604,-116.1810388,"1"
160010008101,810,1,788,43.5816421,-116.188585,"1"
160010008102,810,2,843,43.5867174,-116.1891588,"1"
160010008103,810,3,1515,43.574298,-116.1872909,"1"
160010009011,901,1,1107,43.5926565,-116.2017225,"1"
160010009012,901,2,1102,43.584468,-116.196461,"1"
160010009021,902,1,1412,43.5957344,-116.197517,"1"
160010009022,902,2,3549,43.6029479,-116.1981025,"1"
160010010011,1001,1,1020,43.6080547,-116.2384581,"1"
160010010012,1001,2,1199,43.6147543,-116.2340646,"1"
160010010021,1002,1,2337,43.6082402,-116.2192811,"1"
160010010031,1003,1,2093,43.6014772,-116.2256741,"1"
160010010032,1003,2,864,43.6068177,-116.2272974,"1"
160010011001,1100,1,1195,43.6400933,-116.2628492,"1"
160010011002,1100,2,814,43.6375145,-116.2474575,"1"
160010011003,1100,3,1876,43.6274531,-116.2410766,"1"
160010011004,1100,4,1081,43.651454,-116.2709977,"1"
160010012011,1201,1,1533,43.6301747,-116.2688114,"1"
160010012012,1201,2,832,43.6298394,-116.2590317,"1"
160010012013,1201,3,1098,43.6378437,-116.2688692,"1"
160010012031,1203,1,1325,43.6225349,-116.2681634,"1"
160010012032,1203,2,874,43.622845,-116.2636462,"1"
160010012033,1203,3,1648,43.621676,-116.2528462,"1"
160010012041,1204,1,1416,43.6152275,-116.2700905,"1"
160010012042,1204,2,1477,43.6166147,-116.2648941,"1"
160010012043,1204,3,635,43.6180165,-116.2563557,"1"
160010014011,1401,1,1549,43.6006912,-116.2383815,"1"
160010014012,1401,2,1152,43.6008775,-116.2485266,"1"
160010014021,1402,1,1207,43.5923915,-116.2393056,"1"
160010014022,1402,2,1601,43.5935009,-116.2499624,"1"
160010015001,1500,1,1237,43.5916372,-116.2236511,"1"
160010015002,1500,2,1520,43.5964325,-116.2226179,"1"
160010015003,1500,3,1064,43.5950067,-116.209738,"1"
160010016001,1600,1,1499,43.5827036,-116.2110172,"1"
160010016002,1600,2,1112,43.5738923,-116.2076669,"1"
160010016003,1600,3,1522,43.5811503,-116.2051367,"1"
160010016004,1600,4,509,43.5797287,-116.1993278,"1"
160010017011,1701,1,853,43.58616,-116.2298543,"1"
160010017012,1701,2,1199,43.5844287,-116.2254851,"1"
160010017021,1702,1,1536,43.5780461,-116.2162509,"1"
160010017022,1702,2,1126,43.5823258,-116.2185766,"1"
160010017023,1702,3,1187,43.5868594,-116.2186514,"1"
160010018001,1800,1,1722,43.5770652,-116.2284766,"1"
160010018002,1800,2,1932,43.5838639,-116.24828,"1"
160010018003,1800,3,1140,43.5830614,-116.2378168,"1"
160010019001,1900,1,1809,43.5868327,-116.2603878,"1"
160010019002,1900,2,2150,43.5936569,-116.2655858,"1"
160010019003,1900,3,1335,43.5966434,-116.27923,"1"
160010020001,2000,1,1405,43.6102637,-116.2518752,"1"
160010020002,2000,2,2530,43.6076383,-116.2675558,"1"
160010020003,2000,3,2067,43.6013913,-116.2652813,"1"
160010021001,2100,1,941,43.5436992,-116.2236875,"1"
160010021002,2100,2,1129,43.5575363,-116.2666378,"1"
160010022231,2223,1,1480,43.5833528,-116.3214758,"1"
160010022232,2223,2,2162,43.5835175,-116.329831,"1"
160010022233,2223,3,1346,43.593027,-116.3246199,"1"
160010022251,2225,1,895,43.5505474,-116.3324053,"1"
160010022252,2225,2,1452,43.5505894,-116.3191483,"1"
160010022253,2225,3,1323,43.5575084,-116.3242859,"1"
160010022261,2226,1,1118,43.5559338,-116.3054954,"1"
160010022262,2226,2,1789,43.5516922,-116.3039108,"1"
160010022271,2227,1,1712,43.5691127,-116.3296457,"1"
160010022272,2227,2,1171,43.5685274,-116.320014,"1"
160010022281,2228,1,1177,43.5630359,-116.2821649,"1"
160010022282,2228,2,1772,43.557647,-116.2823098,"1"
160010022291,2229,1,1330,43.5671837,-116.308431,"1"
160010022292,2229,2,1370,43.5670535,-116.2889197,"1"
160010022293,2229,3,1275,43.5694529,-116.2989608,"1"
160010022301,2230,1,1579,43.5793317,-116.3041194,"1"
160010022302,2230,2,2114,43.5851515,-116.3041685,"1"
160010022311,2231,1,914,43.5933845,-116.2995582,"1"
160010022312,2231,2,607,43.5921118,-116.3091856,"1"
160010022313,2231,3,1173,43.5822758,-116.2833005,"1"
160010023131,2313,1,1503,43.6010219,-116.3039632,"1"
160010023132,2313,2,1195,43.6123448,-116.3010667,"1"
160010023133,2313,3,1735,43.6118453,-116.3067263,"1"
160010023141,2314,1,1305,43.6174862,-116.3192186,"2"
160010023142,2314,2,1096,43.6143097,-116.317801,"1"
160010023143,2314,3,977,43.6004999,-116.3293474,"2"
160010023144,2314,4,1260,43.6011279,-116.3192614,"1"
160010023145,2314,5,847,43.6103801,-116.325971,"2"
160010023151,2315,1,1579,43.624301,-116.3270614,"2"
160010023152,2315,2,1796,43.6318012,-116.3276369,"2"
160010023153,2315,3,870,43.6237538,-116.3174892,"2"
160010023154,2315,4,1315,43.6288276,-116.3187433,"2"
160010023161,2316,1,1042,43.6293298,-116.3003321,"1"
160010023162,2316,2,1614,43.6232799,-116.3003532,"1"
160010023171,2317,1,1946,43.6221945,-116.3067641,"1"
160010023172,2317,2,1043,43.6301003,-116.3069788,"1"
160010023181,2318,1,1263,43.6295306,-116.2881754,"1"
160010023182,2318,2,1613,43.6302894,-116.2791952,"1"
160010023183,2318,3,1104,43.6230388,-116.2892623,"1"
160010023184,2318,4,807,43.6230452,-116.2792459,"1"
160010023191,2319,1,1938,43.6157471,-116.2868766,"1"
160010023192,2319,2,1133,43.6006844,-116.2910297,"1"
160010023193,2319,3,1447,43.61076,-116.2830112,"1"
160010024121,2412,1,1274,43.6558786,-116.2866943,"1"
160010024122,2412,2,758,43.667809,-116.333939,"2"
160010024123,2412,3,1943,43.6611761,-116.2932524,"2"
160010024141,2414,1,1187,43.6377031,-116.3092891,"2"
160010024142,2414,2,1571,43.637554,-116.299277,"1"
160010024151,2415,1,1115,43.6447463,-116.3101055,"2"
160010024152,2415,2,1463,43.6448372,-116.299232,"2"
160010024161,2416,1,1755,43.637555,-116.3193218,"2"
160010024162,2416,2,1360,43.644832,-116.319256,"2"
160010024163,2416,3,934,43.6449236,-116.3292166,"2"
160010024164,2416,4,1463,43.6376372,-116.3294404,"2"
160010024171,2417,1,1737,43.6530367,-116.3294288,"2"
160010024172,2417,2,1095,43.6567217,-116.318573,"2"
160010024181,2418,1,2440,43.639792,-116.2897093,"1"
160010024182,2418,2,1342,43.6404542,-116.2796808,"1"
160010024191,2419,1,2500,43.6530718,-116.3064465,"2"
160010024192,2419,2,1216,43.649039,-116.2861803,"1"
160010101011,10101,1,1086,43.5599515,-116.1158565,"1"
160010101012,10101,2,2075,43.5804324,-116.1000456,"1"
160010101013,10101,3,1045,43.6171638,-116.0931755,"1"
160010101021,10102,1,224,43.6955999,-116.2545822,"1"
160010101022,10102,2,3076,43.7165408,-116.2594151,"2"
160010101023,10102,3,1255,43.776181,-116.2571076,"2"
160010101024,10102,4,1419,43.7354956,-116.2458861,"2"
160010102241,10224,1,1591,43.7161571,-116.3432561,"2"
160010102242,10224,2,2655,43.7126479,-116.3251267,"2"
160010102261,10226,1,1111,43.6951511,-116.5029872,"2"
160010102262,10226,2,2136,43.7038965,-116.50286,"2"
160010102271,10227,1,2075,43.6957197,-116.4827617,"2"
160010102272,10227,2,1386,43.7022067,-116.4709176,"2"
160010102281,10228,1,1267,43.6886264,-116.5093768,"2"
160010102282,10228,2,1509,43.6858579,-116.4819237,"2"
160010102291,10229,1,2584,43.7011683,-116.4323948,"2"
160010102292,10229,2,2335,43.7178291,-116.4300201,"2"
160010102301,10230,1,1376,43.7739055,-116.3551509,"2"
160010102302,10230,2,1669,43.7152015,-116.4789472,"2"
160010102303,10230,3,1562,43.7560666,-116.4886236,"2"
160010102311,10231,1,1148,43.709983,-116.3960623,"2"
160010102312,10231,2,1404,43.7162666,-116.3668518,"2"
160010102321,10232,1,1453,43.7049945,-116.360149,"2"
160010102322,10232,2,2158,43.7012967,-116.3960062,"2"
160010102331,10233,1,787,43.6935496,-116.3637808,"2"
160010102332,10233,2,2101,43.6871114,-116.3870551,"2"
160010102341,10234,1,1884,43.6790024,-116.3314814,"2"
160010102342,10234,2,1487,43.6934234,-116.3459894,"2"
160010102343,10234,3,1503,43.6895805,-116.3236271,"2"
160010102351,10235,1,966,43.7002124,-116.329042,"2"
160010102352,10235,2,1377,43.7025954,-116.3205173,"2"
160010102353,10235,3,2395,43.7042479,-116.3460019,"2"
160010102361,10236,1,1119,43.6774012,-116.3093097,"2"
160010102362,10236,2,902,43.6679195,-116.2882148,"2"
160010102363,10236,3,1140,43.6718718,-116.293583,"2"
160010102371,10237,1,1096,43.6854838,-116.3078423,"2"
160010102372,10237,2,1829,43.6743755,-116.2865308,"2"
160010102373,10237,3,1549,43.6816697,-116.2862245,"2"
160010102374,10237,4,926,43.6834952,-116.2969652,"2"
160010103361,10336,1,503,43.5860779,-116.4228611,"2"
160010103362,10336,2,1664,43.5701667,-116.4497034,"2"
160010103371,10337,1,1737,43.5845383,-116.4074445,"2"
160010103372,10337,2,2027,43.583322,-116.3973249,"2"
160010103373,10337,3,1279,43.5626707,-116.4000542,"2"
160010103381,10338,1,1179,43.57999,-116.3891738,"2"
160010103382,10338,2,1194,43.5893423,-116.3807785,"2"
160010103383,10338,3,1318,43.5829345,-116.3831878,"2"
160010103391,10339,1,1318,43.5592582,-116.3863769,"2"
160010103392,10339,2,2644,43.5720884,-116.3811833,"2"
160010103401,10340,1,1090,43.5885528,-116.3594315,"2"
160010103402,10340,2,1218,43.5795459,-116.3571794,"2"
160010103403,10340,3,1473,43.5804528,-116.3689681,"2"
160010103411,10341,1,2013,43.5714959,-116.3649447,"2"
160010103412,10341,2,2056,43.5547561,-116.3634441,"2"
160010103413,10341,3,1638,43.5655863,-116.3605846,"2"
160010103421,10342,1,1534,43.5538977,-116.3493739,"1"
160010103422,10342,2,1753,43.5677444,-116.3496309,"1"
160010103423,10342,3,2285,43.5543816,-116.341248,"1"
160010103431,10343,1,1532,43.577573,-116.340708,"1"
160010103432,10343,2,1300,43.5885263,-116.3449655,"2"
160010103441,10344,1,1406,43.615544,-116.428764,"2"
160010103442,10344,2,1711,43.6106575,-116.4217371,"2"
160010103451,10345,1,1419,43.6069353,-116.43849,"2"
160010103452,10345,2,2526,43.6147157,-116.438222,"2"
160010103461,10346,1,1628,43.6034836,-116.4510064,"2"
160010103471,10347,1,1680,43.6068815,-116.4032996,"2"
160010103472,10347,2,925,43.6156153,-116.4087825,"2"
160010103473,10347,3,1243,43.615535,-116.3987621,"2"
160010103481,10348,1,1629,43.5976562,-116.4110686,"2"
160010103482,10348,2,2043,43.5999868,-116.400739,"2"
160010103491,10349,1,2137,43.6558038,-116.4834341,"2"
160010103492,10349,2,1441,43.6302356,-116.4679044,"2"
160010103501,10350,1,1660,43.6254551,-116.4503217,"2"
160010103502,10350,2,1125,43.6252429,-116.4378567,"2"
160010103511,10351,1,2060,43.6548926,-116.4431611,"2"
160010103512,10351,2,1699,43.6388583,-116.4403911,"2"
160010103521,10352,1,1579,43.6295865,-116.4287375,"2"
160010103522,10352,2,1685,43.629922,-116.4186318,"2"
160010103523,10352,3,1155,43.6225857,-116.4289163,"2"
160010103524,10352,4,1279,43.6213688,-116.4167606,"2"
160010103531,10353,1,2633,43.6420587,-116.4261442,"2"
160010103532,10353,2,2025,43.6406577,-116.4207857,"2"
160010103541,10354,1,2597,43.6568813,-116.4306551,"2"
160010103542,10354,2,1734,43.6523778,-116.4193221,"2"
160010103543,10354,3,1275,43.6600347,-116.4189236,"2"
160010103551,10355,1,1961,43.671967,-116.4648255,"2"
160010103561,10356,1,2170,43.6503316,-116.3830465,"2"
160010103562,10356,2,1869,43.6583409,-116.3858472,"2"
160010103571,10357,1,1277,43.6635056,-116.4029966,"2"
160010103572,10357,2,938,43.675415,-116.372082,"2"
160010103573,10357,3,1764,43.6705333,-116.3824481,"2"
160010103581,10358,1,1979,43.6516057,-116.4070868,"2"
160010103582,10358,2,1225,43.651895,-116.3962949,"2"
160010103583,10358,3,1485,43.6584565,-116.4056838,"2"
160010103584,10358,4,899,43.6593487,-116.3970319,"2"
160010103591,10359,1,2119,43.6367282,-116.3444349,"2"
160010103592,10359,2,2110,43.6461183,-116.3427145,"2"
160010103601,10360,1,1701,43.6585559,-116.3434129,"2"
160010103602,10360,2,2072,43.6508701,-116.3444174,"2"
160010103611,10361,1,1220,43.6527181,-116.3573099,"2"
160010103612,10361,2,1298,43.6520105,-116.3694446,"2"
160010103613,10361,3,1746,43.6588947,-116.3635115,"2"
160010103621,10362,1,1779,43.6447678,-116.389277,"2"
160010103622,10362,2,1734,43.642156,-116.3765724,"2"
160010103623,10362,3,1811,43.636613,-116.3858051,"2"
160010103631,10363,1,1506,43.645453,-116.4087705,"2"
160010103632,10363,2,1787,43.6440784,-116.3990141,"2"
160010103633,10363,3,1895,43.6373148,-116.4043874,"2"
160010103641,10364,1,1134,43.6262108,-116.4015354,"2"
160010103642,10364,2,1380,43.6233089,-116.4089614,"2"
160010103643,10364,3,1193,43.6211582,-116.3990553,"2"
160010103644,10364,4,1705,43.6324164,-116.4024393,"2"
160010103651,10365,1,1895,43.6449425,-116.365437,"2"
160010103652,10365,2,2336,43.637193,-116.3655565,"2"
160010103661,10366,1,1271,43.6229016,-116.35781,"2"
160010103662,10366,2,2207,43.628931,-116.3657923,"2"
160010103671,10367,1,1508,43.629879,-116.3776715,"2"
160010103672,10367,2,1031,43.6230504,-116.3795136,"2"
160010103673,10367,3,1535,43.6299583,-116.387885,"2"
160010103674,10367,4,1582,43.6229426,-116.3896918,"2"
160010103681,10368,1,1399,43.6167193,-116.3774028,"2"
160010103682,10368,2,1795,43.6057087,-116.3831306,"2"
160010103691,10369,1,1595,43.5996572,-116.3664542,"2"
160010103692,10369,2,774,43.6110577,-116.3616256,"2"
160010103701,10370,1,1032,43.6014487,-116.3435297,"2"
160010103702,10370,2,1790,43.609905,-116.345748,"2"
160010103711,10371,1,872,43.6260526,-116.3516429,"2"
160010103712,10371,2,2343,43.6270193,-116.347147,"2"
160010104031,10403,1,1089,43.4802551,-116.4269481,"2"
160010104032,10403,2,1557,43.4816218,-116.4184545,"2"
160010104033,10403,3,1548,43.4902657,-116.4590065,"2"
160010104041,10404,1,1254,43.4993702,-116.4186245,"2"
160010104042,10404,2,1492,43.4932507,-116.4248331,"2"
160010104043,10404,3,1115,43.4992837,-116.4286203,"2"
160010104051,10405,1,1831,43.510186,-116.4187778,"2"
160010104052,10405,2,1433,43.5102001,-116.4287097,"2"
160010104061,10406,1,2565,43.4967409,-116.4024492,"2"
160010104062,10406,2,3294,43.5047209,-116.411882,"2"
160010104071,10407,1,1296,43.5279513,-116.4230922,"2"
160010104072,10407,2,3188,43.5074703,-116.4424055,"2"
160010104073,10407,3,1976,43.53592,-116.4299878,"2"
160010104081,10408,1,1312,43.466344,-116.392571,"1"
160010104082,10408,2,1711,43.5254578,-116.3657621,"1"
160010104083,10408,3,1039,43.4855066,-116.3675717,"1"
160010104091,10409,1,1953,43.5416086,-116.323084,"1"
160010104092,10409,2,1149,43.5324013,-116.3133206,"1"
160010104093,10409,3,1508,43.5240133,-116.3263744,"1"
160010104101,10410,1,1717,43.5429152,-116.3092748,"1"
160010104102,10410,2,2065,43.5395269,-116.2973915,"1"
160010104103,10410,3,2638,43.5379555,-116.3024442,"1"
160010104111,10411,1,2069,43.5492855,-116.2787952,"1"
160010104112,10411,2,1045,43.5349041,-116.2847992,"1"
160010105011,10501,1,7796,43.3343356,-116.2964654,"1"
160010105031,10503,1,1442,43.5476637,-116.1480575,"1"
160010105032,10503,2,989,43.5471809,-116.1211606,"1"
160010105033,10503,3,1324,43.5433559,-116.1412359,"1"
160010105034,10503,4,1697,43.3137399,-116.0575283,"1"
160010105051,10505,1,1810,43.5630946,-116.1641693,"1"
160010105052,10505,2,701,43.5621655,-116.1461151,"1"
160010105061,10506,1,1754,43.5461431,-116.10455,"1"
160010105062,10506,2,2553,43.5529595,-116.1399225,"1"
160039501001,950100,1,1181,45.0832505,-116.3375739,"2"
160039501002,950100,2,655,44.8912074,-116.2765577,"2"
160039502001,950200,1,775,44.9512563,-116.6119727,"2"
160039502002,950200,2,749,44.6223698,-116.346928,"2"
160039502003,950200,3,1019,44.7442451,-116.438836,"2"
160050002001,200,1,1058,42.8874684,-112.3394938,"1"
160050002002,200,2,1404,42.8728826,-112.1848873,"1"
160050002003,200,3,1251,42.7789198,-112.34633,"1"
160050003011,301,1,1273,42.9139598,-112.4690422,"1"
160050003012,301,2,1311,42.9313659,-112.4715633,"1"
160050003013,301,3,1690,42.9261171,-112.4668211,"1"
160050003021,302,1,2845,42.930948,-112.452988,"1"
160050003022,302,2,1085,42.9415107,-112.4705635,"1"
160050003023,302,3,1229,42.9165759,-112.4560432,"1"
160050004001,400,1,2435,42.9242157,-112.5106981,"1"
160050004002,400,2,2392,42.9241866,-112.4861311,"1"
160050004003,400,3,1969,42.9167805,-112.4860562,"1"
160050005001,500,1,1956,42.9550323,-112.4889678,"1"
160050006001,600,1,1760,42.8215483,-112.3732915,"1"
160050006002,600,2,1928,42.8567849,-112.3902818,"1"
160050007001,700,1,1287,42.8556364,-112.4225017,"1"
160050007002,700,2,1355,42.8665118,-112.4375758,"1"
160050007003,700,3,1087,42.8685186,-112.429667,"1"
160050008001,800,1,1513,42.8652607,-112.4461797,"1"
160050008002,800,2,1584,42.8384412,-112.417285,"1"
160050009001,900,1,1300,42.8739652,-112.4398143,"1"
160050009002,900,2,959,42.8718404,-112.4454865,"1"
160050010001,1000,1,1367,42.8817153,-112.4319493,"1"
160050010002,1000,2,827,42.8838811,-112.4394098,"1"
160050010003,1000,3,922,42.877234,-112.4364111,"1"
160050011021,1102,1,1104,42.8914767,-112.4367355,"1"
160050011022,1102,2,2121,42.885698,-112.4151812,"1"
160050011023,1102,3,663,42.8962514,-112.4276274,"1"
160050011031,1103,1,2401,42.9163337,-112.4057097,"1"
160050011032,1103,2,1250,42.9125245,-112.41827,"1"
160050011033,1103,3,1235,42.9111404,-112.4334913,"1"
160050011041,1104,1,1394,42.8997345,-112.3980934,"1"
160050011042,1104,2,1861,42.9057037,-112.4203762,"1"
160050012001,1200,1,790,42.8928899,-112.4470052,"1"
160050012002,1200,2,819,42.9094501,-112.454641,"1"
160050012003,1200,3,1753,42.9041447,-112.4423187,"1"
160050013001,1300,1,978,42.8878067,-112.4446354,"1"
160050013002,1300,2,759,42.8850521,-112.4486187,"1"
160050013003,1300,3,876,42.8795021,-112.4456843,"1"
160050014001,1400,1,878,42.9016082,-112.4615558,"1"
160050014002,1400,2,958,42.8807931,-112.4556857,"1"
160050014003,1400,3,1040,42.8842938,-112.4631048,"1"
160050014004,1400,4,1506,42.8939712,-112.4556727,"1"
160050015001,1500,1,866,42.9052029,-112.4985085,"1"
160050015002,1500,2,2594,42.9093604,-112.4859458,"1"
160050015003,1500,3,968,42.9029905,-112.4858834,"1"
160050015004,1500,4,852,42.9032175,-112.4712325,"1"
160050015005,1500,5,946,42.8914315,-112.4707281,"1"
160050016011,1601,1,1275,42.8749456,-112.4663669,"1"
160050016012,1601,2,1332,42.8643742,-112.4563286,"1"
160050016021,1602,1,1819,42.8704946,-112.4706069,"1"
160050016022,1602,2,714,42.8594212,-112.4659662,"1"
160050016023,1602,3,1411,42.8579845,-112.4811088,"1"
160050016031,1603,1,695,42.8536343,-112.4584039,"1"
160050016032,1603,2,1937,42.8490608,-112.4415058,"1"
160050017001,1700,1,1186,42.8229615,-112.4061145,"1"
160050017002,1700,2,2592,42.8141288,-112.4312281,"1"
160050019001,1900,1,1908,42.6962712,-112.1513227,"1"
160050019002,1900,2,918,42.5656308,-112.2599739,"1"
160050019003,1900,3,1093,42.6110055,-112.0246439,"1"
160050019004,1900,4,1224,42.4080337,-112.0880443,"1"
160059400001,940000,1,1052,42.997546,-112.6102245,"1"
160059400002,940000,2,1089,42.9740684,-112.2328565,"1"
160059818001,981800,1,374,42.7274864,-112.396471,"1"
160079501001,950100,1,788,42.3504477,-111.3235511,"1"
160079501002,950100,2,700,42.3161323,-111.3059531,"1"
160079501003,950100,3,1030,42.4442253,-111.2812518,"1"
160079501004,950100,4,1127,42.1478811,-111.1804078,"1"
160079502001,950200,1,803,42.0929315,-111.4374097,"1"
160079502002,950200,2,902,42.5099596,-111.4599089,"1"
160079502003,950200,3,1022,42.309561,-111.4817532,"1"
160099400001,940000,1,802,47.1569828,-116.8760806,"2"
160099400002,940000,2,799,47.3241517,-116.6016496,"2"
160099400003,940000,3,1191,47.2712459,-116.7592611,"2"
160099400004,940000,4,899,47.3692483,-116.6105344,"2"
160099400005,940000,5,1167,47.3237112,-116.9088345,"2"
160099501001,950100,1,1710,47.2736374,-116.4182044,"2"
160099501002,950100,2,781,47.3156994,-116.5700058,"2"
160099501003,950100,3,1175,47.288543,-116.5833368,"2"
160099501004,950100,4,1006,47.1075927,-116.5522545,"2"
160119400001,940000,1,1455,43.0955365,-112.1516775,"1"
160119400002,940000,2,1554,43.0639902,-112.4924558,"1"
160119501011,950101,1,2103,43.3692715,-112.0846094,"1"
160119501012,950101,2,1817,43.3806629,-112.1113277,"1"
160119501021,950102,1,2154,43.4034715,-112.120649,"1"
160119501022,950102,2,1421,43.3894417,-112.1530206,"1"
160119501023,950102,3,1931,43.351709,-112.1690509,"1"
160119502001,950200,1,1618,43.1910953,-111.872456,"1"
160119502002,950200,2,825,43.2744186,-112.2056933,"1"
160119502003,950200,3,1562,43.3063642,-112.196394,"1"
160119503001,950300,1,1465,43.3896643,-112.6128392,"1"
160119503002,950300,2,1131,43.1786588,-112.8282325,"1"
160119503003,950300,3,885,43.0191535,-112.756362,"1"
160119503004,950300,4,1159,42.9441746,-112.8437226,"1"
160119503005,950300,5,934,42.909921,-112.8262786,"1"
160119504001,950400,1,2219,43.212685,-112.2491289,"1"
160119504002,950400,2,1528,43.1973763,-112.3254498,"1"
160119504003,950400,3,775,43.1871679,-112.340016,"1"
160119504004,950400,4,1408,43.1822804,-112.3442966,"1"
160119504005,950400,5,1333,43.1748607,-112.3451584,"1"
160119505011,950501,1,1837,43.2156749,-112.334161,"1"
160119505012,950501,2,904,43.2426816,-112.2979875,"1"
160119505021,950502,1,1850,43.1969113,-112.3548055,"1"
160119505022,950502,2,1741,43.1871537,-112.3600828,"1"
160119505023,950502,3,1648,43.1578883,-112.4376045,"1"
160119506001,950600,1,1698,43.266185,-112.3215733,"1"
160119506002,950600,2,1575,43.2323912,-112.404587,"1"
160119506003,950600,3,972,43.2208975,-112.4528827,"1"
160119506004,950600,4,1436,43.2139068,-112.3878457,"1"
160119507001,950700,1,1939,43.200692,-112.4605375,"1"
160119507002,950700,2,2147,43.1731717,-112.4850744,"1"
160119507003,950700,3,968,43.10131,-112.5836633,"1"
160139601011,960101,1,1044,43.3557498,-113.8716382,"1"
160139601012,960101,2,473,43.2676359,-114.197442,"1"
160139601021,960102,1,1792,43.4446497,-114.4100802,"1"
160139601022,960102,2,847,43.4053375,-114.1901226,"1"
160139601023,960102,3,1043,43.5166187,-114.3114734,"1"
160139602011,960201,1,1763,43.5307912,-114.3215058,"1"
160139602012,960201,2,1546,43.5249517,-114.3048048,"1"
160139602013,960201,3,2917,43.5131553,-114.2908228,"1"
160139602021,960202,1,1180,43.465101,-114.257367,"1"
160139602022,960202,2,2272,43.5054246,-114.1956175,"1"
160139602023,960202,3,1409,43.6283763,-113.9972708,"1"
160139603011,960301,1,852,43.6710465,-114.3629755,"1"
160139603012,960301,2,638,43.6812075,-114.3687436,"1"
160139603013,960301,3,665,43.8316394,-114.4519349,"1"
160139603021,960302,1,1193,43.7361021,-114.5821883,"1"
160139603022,960302,2,1260,43.690572,-114.4267267,"1"
160139605011,960501,1,976,43.6449365,-114.3502464,"1"
160139605012,960501,2,825,43.677392,-114.3385584,"1"
160139605021,960502,1,682,43.6311738,-114.3233819,"1"
160139605022,960502,2,895,43.7300428,-114.2020571,"1"
160159502011,950201,1,680,43.7002043,-115.8028849,"1"
160159502012,950201,2,1410,43.7036444,-116.0109194,"1"
160159502021,950202,1,636,44.1261485,-116.031687,"2"
160159502022,950202,2,595,44.2062181,-115.378839,"1"
160159502023,950202,3,977,44.1839049,-116.0341221,"2"
160159502031,950203,1,993,44.0395261,-116.2090488,"2"
160159502032,950203,2,1380,43.8624223,-115.8023419,"1"
160159502033,950203,3,939,43.9118705,-116.1304179,"2"
160179501001,950100,1,587,48.1753462,-116.0961673,"2"
160179501002,950100,2,709,48.0210944,-116.3726479,"2"
160179501003,950100,3,792,48.2510508,-116.2688639,"2"
160179501004,950100,4,467,48.339425,-116.1080016,"2"
160179502011,950201,1,1429,48.4226847,-116.3463446,"2"
160179502012,950201,2,1760,48.465098,-116.444912,"2"
160179502021,950202,1,1229,48.3212615,-116.3646812,"2"
160179502022,950202,2,1499,48.3520787,-116.4884296,"2"
160179502031,950203,1,951,48.3014848,-116.532168,"2"
160179502032,950203,2,1437,48.3008429,-116.5526884,"2"
160179502033,950203,3,1998,48.3190497,-116.5286675,"2"
160179503001,950300,1,1516,48.2808731,-116.5626106,"2"
160179503002,950300,2,818,48.27869,-116.5526717,"2"
160179503003,950300,3,777,48.2735757,-116.5624801,"2"
160179503004,950300,4,616,48.2637175,-116.538697,"2"
160179504011,950401,1,1296,48.4239931,-116.639995,"2"
160179504021,950402,1,1042,48.2853313,-116.6314718,"2"
160179504022,950402,2,1818,48.2790348,-116.5732401,"2"
160179504023,950402,3,1104,48.2506293,-116.7075044,"2"
160179504031,950403,1,1865,48.2591564,-116.6098431,"2"
160179504032,950403,2,856,48.2636532,-116.5598847,"2"
160179505001,950500,1,897,48.1851908,-116.9054048,"2"
160179505002,950500,2,933,48.1981429,-116.8014107,"2"
160179505003,950500,3,890,48.2181919,-116.9986636,"2"
160179505004,950500,4,719,48.1990106,-116.9242476,"2"
160179506001,950600,1,462,48.6723846,-116.8915507,"2"
160179506002,950600,2,1038,48.3324715,-116.8988934,"2"
160179506003,950600,3,335,48.5085639,-116.9654471,"2"
160179506004,950600,4,449,48.4382031,-116.7996249,"2"
160179507011,950701,1,1066,48.1139626,-116.8595635,"2"
160179507012,950701,2,684,48.1299767,-117.0319032,"2"
160179507013,950701,3,1158,48.121736,-116.9632393,"2"
160179507021,950702,1,980,48.010509,-116.9887745,"2"
160179507022,950702,2,1115,48.062027,-116.9358588,"2"
160179508011,950801,1,1423,48.1972923,-116.64106,"2"
160179508012,950801,2,820,48.1414713,-116.5273731,"2"
160179508013,950801,3,913,48.1365712,-116.6909936,"2"
160179508021,950802,1,1863,47.9973324,-116.7823012,"2"
160179508022,950802,2,846,48.059472,-116.7530679,"2"
160179508023,950802,3,1269,48.0417161,-116.60256,"2"
160179509011,950901,1,855,48.2139616,-116.4748776,"2"
160179509012,950901,2,479,48.2183579,-116.3899329,"2"
160179509021,950902,1,1561,48.2213918,-116.5704595,"2"
160179509022,950902,2,1789,48.2219514,-116.5156764,"2"
160199701001,970100,1,1484,43.3307527,-111.3484228,"1"
160199701002,970100,2,2388,43.4064007,-111.9201852,"1"
160199701003,970100,3,1354,43.4026656,-112.008811,"1"
160199701004,970100,4,1554,43.5397397,-111.8284901,"1"
160199703001,970300,1,1725,43.5919946,-112.0321864,"1"
160199703002,970300,2,1737,43.6038095,-111.9510599,"1"
160199703003,970300,3,1995,43.5771635,-111.9713971,"1"
160199703004,970300,4,1246,43.6073315,-111.8564349,"1"
160199704011,970401,1,2257,43.540244,-112.0319555,"1"
160199704012,970401,2,696,43.5299621,-111.9969145,"1"
160199704021,970402,1,3642,43.5488987,-111.9483429,"1"
160199704022,970402,2,3681,43.5167829,-111.9253436,"1"
160199704041,970404,1,1384,43.504751,-111.9621892,"1"
160199704042,970404,2,2522,43.5034828,-111.9493418,"1"
160199704043,970404,3,1659,43.5030826,-111.9574619,"1"
160199704051,970405,1,4347,43.5182337,-111.9541923,"1"
160199704052,970405,2,2638,43.4998029,-111.9754922,"1"
160199704053,970405,3,1806,43.5185861,-111.9740297,"1"
160199705021,970502,1,1635,43.4728776,-111.9778258,"1"
160199705022,970502,2,1557,43.474921,-111.96944,"1"
160199705023,970502,3,2224,43.4745581,-111.9544194,"1"
160199705031,970503,1,2084,43.4606591,-111.9588981,"1"
160199705032,970503,2,2002,43.4472463,-111.9958336,"1"
160199705033,970503,3,2445,43.43898,-111.9626166,"1"
160199705041,970504,1,2023,43.4890313,-111.949451,"1"
160199705042,970504,2,1571,43.485012,-111.9246541,"1"
160199705051,970505,1,2310,43.48781,-111.9621142,"1"
160199705052,970505,2,2455,43.4897526,-111.9759079,"1"
160199706011,970601,1,644,43.5077625,-112.006571,"1"
160199706012,970601,2,1072,43.5070392,-111.9891663,"1"
160199706013,970601,3,1049,43.5005503,-111.9962219,"1"
160199706021,970602,1,1765,43.4932646,-111.9907559,"1"
160199706022,970602,2,1128,43.4845816,-111.9994342,"1"
160199706023,970602,3,2108,43.4870259,-111.9925371,"1"
160199706024,970602,4,1233,43.4920589,-112.0007827,"1"
160199706031,970603,1,2490,43.4750927,-111.9952904,"1"
160199707001,970700,1,1234,43.5080576,-112.0312031,"1"
160199707002,970700,2,2319,43.5154387,-112.0192757,"1"
160199707003,970700,3,1052,43.5055047,-112.0115188,"1"
160199707004,970700,4,913,43.4989271,-112.0131482,"1"
160199708001,970800,1,1187,43.4945891,-112.0105192,"1"
160199708002,970800,2,949,43.4919416,-112.0085796,"1"
160199708003,970800,3,943,43.4904429,-112.0155834,"1"
160199708004,970800,4,865,43.4876939,-112.0207034,"1"
160199709001,970900,1,1158,43.4858522,-112.0079581,"1"
160199709002,970900,2,1243,43.4789799,-112.0084587,"1"
160199709003,970900,3,2648,43.4769324,-112.018768,"1"
160199710001,971000,1,652,43.4840285,-112.0276285,"1"
160199710002,971000,2,693,43.4839356,-112.0361762,"1"
160199710003,971000,3,813,43.4809185,-112.0385053,"1"
160199710004,971000,4,793,43.4798596,-112.0293217,"1"
160199710005,971000,5,1240,43.4731845,-112.0284501,"1"
160199710006,971000,6,859,43.471647,-112.0511325,"1"
160199711001,971100,1,887,43.4945941,-112.0243437,"1"
160199711002,971100,2,918,43.4926395,-112.0335427,"1"
160199711003,971100,3,803,43.4868513,-112.0382121,"1"
160199711004,971100,4,1092,43.4888902,-112.0287247,"1"
160199712001,971200,1,896,43.517734,-112.0460449,"1"
160199712002,971200,2,1032,43.507502,-112.0397359,"1"
160199712003,971200,3,1941,43.5006896,-112.0374756,"1"
160199712004,971200,4,668,43.4977684,-112.0462135,"1"
160199713011,971301,1,1277,43.5204496,-112.070832,"1"
160199713012,971301,2,1761,43.5004068,-112.0766654,"1"
160199713013,971301,3,1177,43.5001604,-112.0671669,"1"
160199713014,971301,4,1121,43.5002826,-112.0588543,"1"
160199713015,971301,5,1824,43.5131666,-112.0910333,"1"
160199713021,971302,1,1086,43.4930727,-112.0680862,"1"
160199713022,971302,2,969,43.4931632,-112.0588285,"1"
160199713023,971302,3,1760,43.4885111,-112.0750342,"1"
160199713024,971302,4,2068,43.4894814,-112.0927723,"1"
160199714011,971401,1,2153,43.4564219,-112.1090557,"1"
160199714012,971401,2,2408,43.4312506,-112.0762257,"1"
160199714021,971402,1,1545,43.4464686,-112.0336472,"1"
160199714022,971402,2,3008,43.4609675,-112.0336223,"1"
160199714023,971402,3,2199,43.4535811,-112.013805,"1"
160199715001,971500,1,812,43.5842727,-112.2555204,"1"
160199715002,971500,2,1088,43.4805594,-112.3739018,"1"
160219701001,970100,1,1970,48.8857028,-116.3624159,"2"
160219701002,970100,2,1820,48.7400625,-116.3404318,"2"
160219701003,970100,3,1714,48.7488832,-116.1984674,"2"
160219701004,970100,4,965,48.8853175,-116.1684311,"2"
160219702001,970200,1,1161,48.8517298,-116.6999408,"2"
160219702002,970200,2,1291,48.6625943,-116.2892519,"2"
160219702003,970200,3,837,48.6819519,-116.3575298,"2"
160219702004,970200,4,1400,48.6388788,-116.3592954,"2"
160219702005,970200,5,898,48.5540336,-116.1391496,"2"
160239701001,970100,1,710,43.9333334,-113.2548105,"1"
160239701002,970100,2,894,43.6266315,-113.5390658,"1"
160239701003,970100,3,970,43.8446062,-113.3371138,"1"
160259701001,970100,1,1077,43.5025515,-114.7721349,"1"
160270201001,20100,1,1263,43.5794414,-116.5638761,"2"
160270202001,20200,1,2519,43.5809085,-116.5495067,"2"
160270202002,20200,2,2186,43.5891946,-116.5645749,"2"
160270203001,20300,1,2214,43.5715088,-116.5587585,"2"
160270203002,20300,2,2201,43.575527,-116.5724642,"2"
160270204031,20403,1,1992,43.5702274,-116.5384851,"2"
160270204032,20403,2,1778,43.568403,-116.5267677,"2"
160270204033,20403,3,1012,43.5662263,-116.5178428,"2"
160270204041,20404,1,1469,43.5813557,-116.5279469,"2"
160270204042,20404,2,1911,43.590152,-116.5202005,"2"
160270204043,20404,3,1457,43.5956638,-116.5540846,"2"
160270204051,20405,1,1047,43.565422,-116.5450584,"2"
160270204052,20405,2,1782,43.5652326,-116.5580726,"2"
160270204061,20406,1,1616,43.5640549,-116.5676321,"2"
160270204062,20406,2,2170,43.5652503,-116.5828619,"2"
160270205011,20501,1,1281,43.550567,-116.5389131,"2"
160270205012,20501,2,960,43.5530081,-116.5487593,"2"
160270205013,20501,3,1533,43.5574868,-116.5394551,"2"
160270205031,20503,1,1621,43.5579809,-116.5828686,"2"
160270205032,20503,2,2003,43.5507368,-116.5827181,"2"
160270205051,20505,1,2246,43.5522214,-116.5584142,"2"
160270205052,20505,2,1134,43.5589653,-116.5576841,"2"
160270205061,20506,1,1435,43.5509904,-116.5678785,"2"
160270205062,20506,2,1312,43.5576929,-116.5690413,"2"
160270206011,20601,1,2644,43.586943,-116.6034375,"2"
160270206012,20601,2,3477,43.5817645,-116.6028953,"2"
160270206031,20603,1,1646,43.578171,-116.586783,"2"
160270206032,20603,2,1261,43.5738643,-116.5878227,"2"
160270206033,20603,3,2232,43.5814253,-116.5804993,"2"
160270206041,20604,1,1277,43.5950611,-116.5844529,"2"
160270206042,20604,2,1166,43.5873647,-116.5851485,"2"
160270207001,20700,1,1362,43.5966439,-116.4993274,"2"
160270207002,20700,2,1504,43.5813396,-116.4933966,"2"
160270207003,20700,3,1224,43.5571684,-116.4838375,"2"
160270209031,20903,1,2430,43.5723321,-116.602973,"2"
160270209032,20903,2,2364,43.5651233,-116.6028958,"2"
160270209041,20904,1,1403,43.5429619,-116.5676727,"2"
160270209042,20904,2,1213,43.5353784,-116.56785,"2"
160270209043,20904,3,963,43.5394164,-116.5578186,"2"
160270209044,20904,4,1357,43.5246213,-116.5628821,"2"
160270209051,20905,1,1770,43.5391133,-116.5462831,"2"
160270209052,20905,2,1363,43.5215515,-116.5417299,"2"
160270209053,20905,3,1280,43.5400088,-116.5363559,"2"
160270209061,20906,1,1288,43.5372073,-116.5271394,"2"
160270209062,20906,2,1366,43.5519817,-116.5252821,"2"
160270209063,20906,3,2252,43.5397923,-116.519964,"2"
160270209064,20906,4,1119,43.5294841,-116.5098987,"2"
160270209071,20907,1,1961,43.5431519,-116.5826881,"2"
160270209072,20907,2,1784,43.5355637,-116.5827619,"2"
160270209081,20908,1,2283,43.5579499,-116.6027914,"2"
160270209082,20908,2,2248,43.5508089,-116.602644,"2"
160270209091,20909,1,1545,43.5824362,-116.6333089,"2"
160270209092,20909,2,1971,43.5677628,-116.638559,"2"
160270209101,20910,1,2476,43.5434392,-116.6178883,"2"
160270210031,21003,1,1870,43.6135665,-116.6879891,"2"
160270210032,21003,2,2352,43.6123768,-116.6648112,"2"
160270210041,21004,1,1531,43.6298159,-116.6879783,"2"
160270210042,21004,2,1797,43.6224256,-116.6879118,"2"
160270210043,21004,3,3355,43.6263344,-116.6679678,"2"
160270210051,21005,1,2953,43.6047713,-116.6429148,"2"
160270210052,21005,2,1447,43.6302668,-116.6429467,"2"
160270210053,21005,3,2034,43.6229351,-116.6430021,"2"
160270210061,21006,1,954,43.5940354,-116.6081353,"2"
160270210062,21006,2,1590,43.5941058,-116.5981454,"2"
160270210063,21006,3,2263,43.6013572,-116.6031425,"2"
160270210071,21007,1,888,43.6087075,-116.6160288,"2"
160270210072,21007,2,1069,43.5976811,-116.6230234,"2"
160270210073,21007,3,1449,43.6076919,-116.6275626,"2"
160270210081,21008,1,1236,43.616719,-116.6262152,"2"
160270210082,21008,2,2174,43.622532,-116.5923589,"2"
160270210083,21008,3,826,43.6260583,-116.6216125,"2"
160270211011,21101,1,1098,43.6461631,-116.6212696,"2"
160270211012,21101,2,2324,43.6594527,-116.6231638,"2"
160270211013,21101,3,3383,43.6820662,-116.6421089,"2"
160270211021,21102,1,1992,43.6268794,-116.5631788,"2"
160270211022,21102,2,897,43.6123385,-116.5631342,"2"
160270211031,21103,1,1792,43.6159621,-116.5431679,"2"
160270211032,21103,2,1847,43.6073239,-116.5451624,"2"
160270211041,21104,1,755,43.6113005,-116.4873222,"2"
160270211042,21104,2,2489,43.6173398,-116.5245184,"2"
160270211043,21104,3,1169,43.6077225,-116.5223108,"2"
160270211051,21105,1,1350,43.6311536,-116.5185529,"2"
160270211052,21105,2,2007,43.6376832,-116.608232,"2"
160270211053,21105,3,1959,43.6599866,-116.5654088,"2"
160270212011,21201,1,1387,43.6700307,-116.6665004,"2"
160270212012,21201,2,2439,43.6520019,-116.6427654,"2"
160270212021,21202,1,1184,43.6843246,-116.693012,"2"
160270212022,21202,2,3082,43.6898115,-116.6795517,"2"
160270213001,21300,1,1618,43.6731672,-116.6894613,"2"
160270213002,21300,2,1337,43.658263,-116.6668611,"2"
160270215001,21500,1,2135,43.6517135,-116.6764595,"2"
160270215002,21500,2,1684,43.6590866,-116.6842053,"2"
160270215003,21500,3,1355,43.6636467,-116.6935075,"2"
160270216001,21600,1,1284,43.6642735,-116.7046443,"2"
160270216002,21600,2,1744,43.6516131,-116.6905951,"2"
160270216003,21600,3,1230,43.6515858,-116.705579,"2"
160270217011,21701,1,1688,43.6406931,-116.6980585,"2"
160270217012,21701,2,1622,43.6406897,-116.7080655,"2"
160270217013,21701,3,1300,43.6407631,-116.6880371,"2"
160270217021,21702,1,1554,43.6407652,-116.6681254,"2"
160270217022,21702,2,2649,43.6408404,-116.6780334,"2"
160270217023,21702,3,2786,43.6400578,-116.653956,"2"
160270218011,21801,1,1013,43.6187524,-116.7029549,"2"
160270218012,21801,2,1223,43.6409287,-116.7375119,"2"
160270218013,21801,3,878,43.6513589,-116.7971247,"2"
160270218014,21801,4,1111,43.6951221,-116.7875945,"2"
160270218021,21802,1,1403,43.5925202,-116.7139606,"2"
160270218022,21802,2,1914,43.5766834,-116.6721496,"2"
160270219011,21901,1,1950,43.7124583,-116.6024624,"2"
160270219012,21901,2,2649,43.6988977,-116.6079856,"2"
160270219013,21901,3,2052,43.7143213,-116.6231256,"2"
160270219041,21904,1,1232,43.7111688,-116.7082162,"2"
160270219042,21904,2,2562,43.7522585,-116.7837903,"2"
160270219051,21905,1,1767,43.7423596,-116.6232354,"2"
160270219052,21905,2,1734,43.7276424,-116.6787119,"2"
160270219053,21905,3,1177,43.7834163,-116.6842272,"2"
160270219061,21906,1,1686,43.7696945,-116.5611855,"2"
160270219062,21906,2,1711,43.7297611,-116.5546961,"2"
160270219063,21906,3,1830,43.703315,-116.5491848,"2"
160270219071,21907,1,2032,43.7136049,-116.6376211,"2"
160270219072,21907,2,1389,43.7078353,-116.6705132,"2"
160270221001,22100,1,1266,43.7388754,-116.979677,"2"
160270221002,22100,2,1747,43.7995881,-116.9377525,"2"
160270221003,22100,3,2078,43.8017365,-116.9279905,"2"
160270222001,22200,1,1540,43.665156,-116.9525081,"2"
160270222002,22200,2,1625,43.6744023,-116.9091686,"2"
160270222003,22200,3,2325,43.6650341,-116.8804119,"2"
160270223011,22301,1,1509,43.3445845,-116.5495391,"2"
160270223012,22301,2,1602,43.4410435,-116.642229,"2"
160270223021,22302,1,1365,43.6056613,-116.806696,"2"
160270223031,22303,1,2364,43.5484904,-116.7184428,"2"
160270224001,22400,1,2743,43.5050603,-116.5579395,"2"
160270224002,22400,2,2329,43.4701275,-116.5505626,"2"
160299601001,960100,1,730,42.6295411,-111.6750429,"1"
160299601002,960100,2,685,42.6029755,-111.6135109,"1"
160299601003,960100,3,970,42.5084667,-111.6759461,"1"
160299601004,960100,4,978,42.5347615,-111.8202277,"1"
160299601005,960100,5,761,42.8067394,-111.926556,"1"
160299602001,960200,1,997,42.8274262,-111.3841131,"1"
160299602002,960200,2,1906,42.6836308,-111.4586416,"1"
160319501001,950100,1,665,42.4611695,-113.2294219,"1"
160319501002,950100,2,1288,42.282313,-113.6263276,"1"
160319501003,950100,3,863,42.1311181,-113.3137342,"1"
160319502001,950200,1,2048,42.5648234,-113.573273,"1"
160319502002,950200,2,1416,42.4779645,-113.697966,"1"
160319503001,950300,1,1311,42.4805097,-113.7526916,"1"
160319503002,950300,2,2334,42.5159309,-113.7683764,"1"
160319503003,950300,3,1122,42.5311429,-113.786721,"1"
160319503004,950300,4,893,42.5238923,-113.7882984,"1"
160319504001,950400,1,1048,42.5498182,-113.7791471,"1"
160319504002,950400,2,945,42.5428419,-113.7975893,"1"
160319504003,950400,3,1301,42.5361842,-113.7993004,"1"
160319504004,950400,4,1001,42.5419029,-113.7722816,"1"
160319505001,950500,1,784,42.5311878,-113.7982179,"1"
160319505002,950500,2,929,42.5263205,-113.7981823,"1"
160319505003,950500,3,2084,42.4819648,-113.8224362,"1"
160319505004,950500,4,2211,42.5209728,-113.8412471,"1"
160319506001,950600,1,994,42.4239414,-113.9413377,"1"
160319506002,950600,2,1418,42.1876138,-114.0872365,"1"
160339501001,950100,1,790,44.290218,-112.3546128,"1"
160359400011,940001,1,700,46.5352477,-116.3783456,"2"
160359400012,940001,2,1250,46.5321758,-116.2740901,"2"
160359400021,940002,1,541,46.4801505,-116.2494227,"2"
160359400022,940002,2,911,46.428545,-116.1714439,"2"
160359400023,940002,3,480,46.4522171,-116.2821668,"2"
160359400024,940002,4,724,46.4849495,-116.320983,"2"
160359400025,940002,5,577,46.4925273,-116.33793,"2"
160359400026,940002,6,595,46.5089689,-116.219546,"2"
160359701001,970100,1,499,46.7067848,-115.4475371,"2"
160359701002,970100,2,962,46.6160384,-115.9461567,"2"
160359701003,970100,3,594,46.3365323,-115.8859384,"2"
160359701004,970100,4,385,46.7625138,-116.1495695,"2"
160359701005,970100,5,516,46.410048,-115.9583117,"2"
160379602001,960200,1,569,44.336299,-114.8136955,"1"
160379602002,960200,2,931,44.273351,-114.2522675,"1"
160379602003,960200,3,1467,44.3880999,-113.9087863,"1"
160379602004,960200,4,1308,43.9446969,-113.9446595,"1"
160399601001,960100,1,897,43.4279518,-115.3153279,"1"
160399601002,960100,2,1877,42.9938016,-115.4191042,"1"
160399602011,960201,1,1738,43.3771895,-115.7714922,"1"
160399602012,960201,2,1347,43.1676517,-115.7290999,"1"
160399602013,960201,3,1911,43.1442301,-115.6783078,"1"
160399602021,960202,1,2006,43.1483126,-115.7013322,"1"
160399602022,960202,2,2392,43.1526751,-115.6956677,"1"
160399603001,960300,1,1229,43.1369203,-115.6783623,"1"
160399603002,960300,2,1217,43.1368248,-115.6941517,"1"
160399603003,960300,3,871,43.1298757,-115.6875958,"1"
160399603004,960300,4,963,43.0909062,-115.5673089,"1"
160399604011,960401,1,1282,43.0926156,-115.9304765,"1"
160399604012,960401,2,1814,43.1157033,-115.7064495,"1"
160399604013,960401,3,2430,43.0028352,-115.6614502,"1"
160399604021,960402,1,1784,43.1252678,-115.6966179,"1"
160399604022,960402,2,1717,43.1302682,-115.7097356,"1"
160399605001,960500,1,1256,43.0626822,-115.846252,"1"
160399605002,960500,2,43,43.0411517,-115.8801572,"1"
160399605003,960500,3,1892,43.0470465,-115.8436943,"1"
160419701001,970100,1,993,42.2828715,-111.7474093,"1"
160419701002,970100,2,1643,42.1380092,-111.8510156,"1"
160419701003,970100,3,1313,42.1699231,-111.8924676,"1"
160419701004,970100,4,1430,42.0634231,-112.015748,"1"
160419701005,970100,5,1364,42.1891561,-112.0119022,"1"
160419702001,970200,1,1330,42.074762,-111.9040268,"1"
160419702002,970200,2,872,42.0925438,-111.8678258,"1"
160419702003,970200,3,2352,42.0929583,-111.7980365,"1"
160419702004,970200,4,1608,42.0590929,-111.6621198,"1"
160419702005,970200,5,1289,42.035764,-111.8670553,"1"
160439701001,970100,1,1517,44.2826635,-111.5056491,"1"
160439702001,970200,1,764,44.0499996,-111.2269573,"1"
160439702002,970200,2,653,44.051141,-111.4484843,"1"
160439702003,970200,3,866,43.9762636,-111.425316,"1"
160439702004,970200,4,1273,43.9047242,-111.613007,"1"
160439703011,970301,1,721,43.9671198,-111.687126,"1"
160439703012,970301,2,1292,43.9724205,-111.7064126,"1"
160439703013,970301,3,1214,43.9451008,-111.7927393,"1"
160439703014,970301,4,1611,43.9224614,-111.7535634,"1"
160439703021,970302,1,1137,43.9789017,-111.6576842,"1"
160439703022,970302,2,1238,43.9813321,-111.5947498,"1"
160439703023,970302,3,1102,43.9304183,-111.6482942,"1"
160459601001,960100,1,1490,44.1120736,-116.3363949,"2"
160459601002,960100,2,1109,43.9185251,-116.6196275,"2"
160459601003,960100,3,1372,43.9051302,-116.486341,"2"
160459601004,960100,4,809,43.8840478,-116.5649786,"2"
160459602001,960200,1,2699,43.8522222,-116.6265554,"2"
160459602002,960200,2,1589,43.8554725,-116.5284192,"2"
160459602003,960200,3,2208,43.8703072,-116.5084112,"2"
160459603011,960301,1,1707,43.8807728,-116.4836081,"2"
160459603012,960301,2,2645,43.8881906,-116.45498,"2"
160459603021,960302,1,1556,43.853583,-116.4862188,"2"
160459603022,960302,2,1111,43.8737569,-116.486389,"2"
160459603023,960302,3,828,43.8678131,-116.4946512,"2"
160479601011,960101,1,1653,42.9409177,-114.7050933,"1"
160479601012,960101,2,916,42.9291411,-114.6994638,"1"
160479601013,960101,3,1369,42.932846,-114.7169784,"1"
160479601021,960102,1,1021,43.064642,-114.8603849,"1"
160479601022,960102,2,1590,42.9108002,-114.7525742,"1"
160479601023,960102,3,1045,42.9303084,-114.6501402,"1"
160479602011,960201,1,1157,42.8283672,-114.8697846,"1"
160479602012,960201,2,1750,42.8080083,-114.7754411,"1"
160479602013,960201,3,919,42.7736913,-114.6990569,"1"
160479602014,960201,4,1066,42.7988029,-114.662724,"1"
160479602021,960202,1,951,42.794825,-114.8977515,"1"
160479602022,960202,2,1023,42.7332341,-114.7856581,"1"
160479602023,960202,3,1138,42.713618,-114.6761909,"1"
160499400001,940000,1,1556,46.2683809,-116.0366575,"2"
160499400002,940000,2,726,46.1728173,-116.0540008,"2"
160499400003,940000,3,688,46.1270869,-115.929203,"2"
160499400004,940000,4,584,46.0659882,-116.0216863,"2"
160499400005,940000,5,747,46.1300717,-116.252376,"2"
160499601001,960100,1,730,46.2568243,-114.8466269,"2"
160499601002,960100,2,1396,45.6702933,-115.2847364,"2"
160499602011,960201,1,1794,45.7664214,-116.2649348,"2"
160499602021,960202,1,1114,45.9849667,-116.1491814,"2"
160499602022,960202,2,1123,45.9277744,-116.1180507,"2"
160499602023,960202,3,906,45.907474,-116.1124762,"2"
160499602024,960202,4,1581,45.8754659,-115.9901966,"2"
160499603001,960300,1,932,46.0807279,-116.3741621,"2"
160499603002,960300,2,1258,45.9196318,-116.5115653,"2"
160499604001,960400,1,1406,45.3283441,-116.1296357,"2"
160519601001,960100,1,1676,43.7358492,-112.1245994,"1"
160519601002,960100,2,1409,43.9395839,-112.3309032,"1"
160519601003,960100,3,901,43.7744948,-112.4459133,"1"
160519602001,960200,1,1486,43.7325623,-111.9555384,"1"
160519602002,960200,2,1028,43.72377,-112.0498211,"1"
160519602003,960200,3,1689,43.6633634,-112.0332359,"1"
160519603011,960301,1,3304,43.6634228,-111.9570338,"1"
160519603021,960302,1,1332,43.6874214,-111.9095516,"1"
160519603022,960302,2,1203,43.6609202,-111.9160991,"1"
160519603023,960302,3,3466,43.6859095,-111.9279553,"1"
160519604011,960401,1,3229,43.6643763,-111.8889389,"1"
160519604012,960401,2,1088,43.6352694,-111.929918,"1"
160519604013,960401,3,2077,43.6410182,-111.9138066,"1"
160519604021,960402,1,1992,43.6460877,-111.7343806,"1"
160519604022,960402,2,2117,43.7100601,-111.8687863,"1"
160519604023,960402,3,2894,43.6502634,-111.8345643,"1"
160539701001,970100,1,1866,42.7017217,-114.1516974,"1"
160539701002,970100,2,1407,42.5665689,-114.157501,"1"
160539702001,970200,1,970,42.7280592,-114.5227808,"1"
160539702002,970200,2,855,42.8038903,-114.4767917,"1"
160539702003,970200,3,1034,42.7396758,-114.5307537,"1"
160539702004,970200,4,1383,42.7761187,-114.5864106,"1"
160539703001,970300,1,1199,42.7261619,-114.5099623,"1"
160539703002,970300,2,730,42.7297598,-114.5106429,"1"
160539703003,970300,3,1277,42.7349755,-114.5137711,"1"
160539703004,970300,4,2689,42.7403213,-114.4966391,"1"
160539704001,970400,1,992,42.7176426,-114.513749,"1"
160539704002,970400,2,1202,42.7212034,-114.5090077,"1"
160539704003,970400,3,1273,42.7200323,-114.5299924,"1"
160539705011,970501,1,1400,42.7000143,-114.5866028,"1"
160539705012,970501,2,973,42.6728925,-114.5276223,"1"
160539705013,970501,3,1710,42.6309163,-114.4846549,"1"
160539705014,970501,4,779,42.6626429,-114.5735311,"1"
160539705021,970502,1,1054,42.6694535,-114.393061,"1"
160539705022,970502,2,1444,42.6987615,-114.4997852,"1"
160550001011,101,1,1154,47.8839613,-116.8406055,"2"
160550001012,101,2,1897,47.9168934,-116.8037099,"2"
160550001021,102,1,1126,47.9653071,-116.8649385,"2"
160550001022,102,2,658,47.9668845,-116.8782548,"2"
160550001023,102,3,948,47.9127405,-116.9524566,"2"
160550001024,102,4,1990,47.9577156,-116.7958335,"2"
160550002011,201,1,2074,47.8168951,-116.8091696,"2"
160550002012,201,2,1487,47.8728903,-116.7828054,"2"
160550002021,202,1,1666,47.8900432,-116.661785,"2"
160550002022,202,2,1848,47.8178167,-116.7201218,"2"
160550002031,203,1,866,47.9640618,-116.652883,"2"
160550002032,203,2,1600,47.9422953,-116.7214945,"2"
160550002033,203,3,1020,47.8844934,-116.553359,"2"
160550003011,301,1,1906,47.7961972,-116.902781,"2"
160550003012,301,2,613,47.795859,-116.91849,"2"
160550003013,301,3,1205,47.8084674,-116.993627,"2"
160550003014,301,4,1597,47.805229,-117.0215599,"2"
160550003015,301,5,1959,47.762863,-116.9384329,"2"
160550003031,303,1,2606,47.8093381,-116.8809196,"2"
160550003032,303,2,3083,47.7891394,-116.875506,"2"
160550003041,304,1,1445,47.8355397,-116.9048719,"2"
160550003042,304,2,1779,47.82239,-116.8533278,"2"
160550004011,401,1,1019,47.6796998,-116.9561211,"2"
160550004012,401,2,2009,47.7289593,-116.9905803,"2"
160550004013,401,3,2585,47.7226637,-117.0134699,"2"
160550004014,401,4,1407,47.6514553,-117.0032478,"2"
160550004021,402,1,3837,47.7304654,-116.9695365,"2"
160550004022,402,2,1295,47.7266642,-116.9533938,"2"
160550004023,402,3,2235,47.7378155,-116.9535068,"2"
160550004024,402,4,1922,47.7127528,-116.9553643,"2"
160550005011,501,1,1467,47.719601,-116.937051,"2"
160550005012,501,2,1868,47.7211286,-116.9438015,"2"
160550005013,501,3,1507,47.7250497,-116.9319342,"2"
160550005014,501,4,1412,47.7378021,-116.9427767,"2"
160550005021,502,1,4119,47.7330708,-116.9054989,"2"
160550005022,502,2,2177,47.7169423,-116.9036453,"2"
160550005031,503,1,1365,47.7204661,-116.922857,"2"
160550005032,503,2,3019,47.7377419,-116.9266494,"2"
160550006011,601,1,1908,47.7197061,-116.8726141,"2"
160550006012,601,2,971,47.7058124,-116.8729846,"2"
160550006013,601,3,1895,47.69891,-116.8836215,"2"
160550006021,602,1,1745,47.7089108,-116.9345276,"2"
160550006022,602,2,2002,47.7041565,-116.928549,"2"
160550006023,602,3,1183,47.7063359,-116.9104495,"2"
160550006024,602,4,1532,47.7077684,-116.9024345,"2"
160550007011,701,1,2397,47.7227234,-116.7974501,"2"
160550007012,701,2,2569,47.7372146,-116.7975413,"2"
160550007021,702,1,2611,47.7501765,-116.8170963,"2"
160550007022,702,2,2239,47.7664369,-116.8446976,"2"
160550007031,703,1,1223,47.7196016,-116.8125577,"2"
160550007032,703,2,4347,47.7373501,-116.8190148,"2"
160550007033,703,3,2402,47.7260395,-116.8189634,"2"
160550007041,704,1,2975,47.7362047,-116.8348183,"2"
160550007042,704,2,2713,47.7377305,-116.8682357,"2"
160550008001,800,1,2350,47.7182867,-116.8404549,"2"
160550008002,800,2,3547,47.7055713,-116.8264287,"2"
160550009011,901,1,2235,47.7036272,-116.8018538,"2"
160550009012,901,2,1213,47.7099156,-116.7965758,"2"
160550009021,902,1,1942,47.6949349,-116.8027143,"2"
160550009022,902,2,1157,47.6855592,-116.793611,"2"
160550010021,1002,1,2485,47.7790271,-116.7768481,"2"
160550010022,1002,2,2405,47.7641933,-116.7760886,"2"
160550010031,1003,1,1467,47.7515829,-116.7848408,"2"
160550010032,1003,2,855,47.7544928,-116.7684216,"2"
160550010041,1004,1,2123,47.7518223,-116.7999004,"2"
160550010042,1004,2,2031,47.7663185,-116.7995678,"2"
160550011001,1100,1,2204,47.732425,-116.7724417,"2"
160550012011,1201,1,2250,47.7086524,-116.7694444,"2"
160550012012,1201,2,1072,47.7189265,-116.7705885,"2"
160550012021,1202,1,1575,47.7067844,-116.7768237,"2"
160550012022,1202,2,629,47.7041705,-116.7835881,"2"
160550012023,1202,3,1032,47.7159337,-116.7821182,"2"
160550013001,1300,1,1313,47.6936404,-116.7811028,"2"
160550013002,1300,2,1440,47.6900989,-116.7715846,"2"
160550013003,1300,3,1420,47.6966106,-116.7692924,"2"
160550014001,1400,1,1367,47.6802426,-116.7854537,"2"
160550014002,1400,2,1314,47.6662488,-116.7772947,"2"
160550015001,1500,1,1331,47.6827168,-116.7707878,"2"
160550015002,1500,2,802,47.682243,-116.7616347,"2"
160550015003,1500,3,1161,47.676289,-116.7706332,"2"
160550016001,1600,1,979,47.6759792,-116.7587097,"2"
160550016002,1600,2,1799,47.6661568,-116.7574329,"2"
160550017001,1700,1,1967,47.7051967,-116.7218257,"2"
160550017002,1700,2,1124,47.6873305,-116.7258554,"2"
160550017003,1700,3,1678,47.6906604,-116.6549173,"2"
160550018011,1801,1,1255,47.780308,-116.7520215,"2"
160550018012,1801,2,844,47.7680842,-116.7427277,"2"
160550018013,1801,3,986,47.7969501,-116.6602505,"2"
160550018021,1802,1,1593,47.717081,-116.757039,"2"
160550018022,1802,2,1602,47.7084296,-116.7552903,"2"
160550018023,1802,3,896,47.7465948,-116.7711849,"2"
160550018024,1802,4,1933,47.7443135,-116.6623485,"2"
160550019011,1901,1,708,47.7157368,-116.4586843,"2"
160550019012,1901,2,1024,47.5120368,-116.5171795,"2"
160550019021,1902,1,1166,47.5514568,-116.742889,"2"
160550020001,2000,1,2309,47.6747569,-116.8510064,"2"
160550020002,2000,2,1588,47.5832007,-116.9625776,"2"
160559400001,940000,1,1013,47.4057967,-116.9026135,"2"
160559400002,940000,2,984,47.4773316,-116.9614918,"2"
160559400003,940000,3,712,47.4221728,-116.642716,"2"
160570051011,5101,1,1479,46.7601437,-116.9843114,"2"
160570051012,5101,2,1530,46.7527081,-117.0042085,"2"
160570051021,5102,1,1620,46.7409104,-117.0120686,"2"
160570051022,5102,2,1018,46.7949573,-117.0177294,"2"
160570051023,5102,3,875,46.7350229,-117.0072204,"2"
160570051024,5102,4,1376,46.7333411,-116.9991265,"2"
160570052001,5200,1,906,46.783468,-116.9185184,"2"
160570052002,5200,2,1182,46.7401286,-116.9871925,"2"
160570052003,5200,3,671,46.7338359,-116.9913058,"2"
160570052004,5200,4,1208,46.7338235,-116.9844015,"2"
160570052005,5200,5,2615,46.7430014,-116.956858,"2"
160570053011,5301,1,1801,46.7242339,-116.9537292,"2"
160570053012,5301,2,779,46.7055632,-116.9132097,"2"
160570053021,5302,1,921,46.7273961,-116.9969704,"2"
160570053022,5302,2,2941,46.7193677,-116.9927114,"2"
160570053023,5302,3,1685,46.7257185,-116.9863755,"2"
160570054001,5400,1,1329,46.7167586,-117.0243276,"2"
160570054002,5400,2,830,46.678717,-116.9812516,"2"
160570054003,5400,3,2994,46.7273168,-117.0213299,"2"
160570054004,5400,4,836,46.7220779,-117.0083506,"2"
160570055001,5500,1,1131,46.9281805,-116.660328,"2"
160570055002,5500,2,721,47.022301,-116.9695231,"2"
160570055003,5500,3,1140,46.9380654,-116.8892046,"2"
160570055004,5500,4,1046,46.8711359,-116.9584125,"2"
160570056001,5600,1,708,46.8421126,-116.4494993,"2"
160570056002,5600,2,1075,46.7804536,-116.5809003,"2"
160570056003,5600,3,1152,46.8026688,-116.735639,"2"
160570056004,5600,4,854,46.6994519,-116.7734689,"2"
160570057001,5700,1,711,46.6724693,-116.5435535,"2"
160570057002,5700,2,799,46.6022875,-116.755603,"2"
160570057003,5700,3,1584,46.5796111,-116.9267758,"2"
160599701001,970100,1,1382,44.7715548,-114.6809505,"1"
160599701002,970100,2,1122,45.129058,-113.9621469,"1"
160599702001,970200,1,807,45.1660516,-113.9018915,"1"
160599702002,970200,2,1295,45.4470676,-113.8571683,"1"
160599702003,970200,3,906,45.0985537,-113.6029077,"1"
160599703001,970300,1,661,44.5196093,-113.4394064,"1"
160599703002,970300,2,1316,45.0426987,-113.8569931,"1"
160599703003,970300,3,485,44.8045347,-113.9153825,"1"
160619400011,940001,1,1539,46.2501,-116.11237,"2"
160619400021,940002,1,651,46.2732007,-116.2334301,"2"
160619400022,940002,2,683,46.2752161,-116.4229107,"2"
160619400023,940002,3,618,46.2491901,-116.6138447,"2"
160619503001,950300,1,42,46.0693381,-116.6057894,"2"
160639501001,950100,1,997,43.0796845,-114.0058875,"1"
160639501002,950100,2,1871,43.0690005,-114.424882,"1"
160639501003,950100,3,1015,42.925982,-114.502794,"1"
160639501004,950100,4,1244,42.8416811,-114.1018493,"1"
160659501011,950101,1,1964,43.858074,-111.8475634,"1"
160659501012,950101,2,807,43.8645782,-111.9487771,"1"
160659501021,950102,1,830,43.8650858,-111.7581526,"1"
160659501022,950102,2,2022,43.8722635,-111.6929341,"1"
160659501031,950103,1,1250,43.8465153,-111.7763296,"1"
160659501032,950103,2,815,43.8723618,-111.8032213,"1"
160659502001,950200,1,1666,43.8292339,-111.7823949,"1"
160659502002,950200,2,2168,43.8285384,-111.7922535,"1"
160659502003,950200,3,927,43.8349497,-111.8070413,"1"
160659503011,950301,1,1838,43.8228991,-111.7838371,"1"
160659503012,950301,2,29,43.8195491,-111.7829575,"1"
160659503013,950301,3,1300,43.821856,-111.7795124,"1"
160659503014,950301,4,1232,43.8187215,-111.7909675,"1"
160659503015,950301,5,1447,43.8214958,-111.7928753,"1"
160659503016,950301,6,1935,43.8222109,-111.7890931,"1"
160659503031,950303,1,5366,43.8143917,-111.7850844,"1"
160659503032,950303,2,1086,43.802497,-111.7917709,"1"
160659503033,950303,3,1860,43.8069223,-111.7976954,"1"
160659503034,950303,4,2845,43.8154713,-111.7931222,"1"
160659503035,950303,5,1137,43.8141994,-111.7978913,"1"
160659503041,950304,1,899,43.813976,-111.8149185,"1"
160659503042,950304,2,1210,43.8079992,-111.8100528,"1"
160659503043,950304,3,2479,43.8157916,-111.8033147,"1"
160659503044,950304,4,2620,43.8225515,-111.8032334,"1"
160659504011,950401,1,2885,43.8064435,-111.7674804,"1"
160659504012,950401,2,1413,43.8217374,-111.7726491,"1"
160659504021,950402,1,1131,43.7747647,-111.5528132,"1"
160659504022,950402,2,1599,43.8358216,-111.7618596,"1"
160659505011,950501,1,1410,43.7879272,-111.8495323,"1"
160659505012,950501,2,1150,43.7911947,-111.8917334,"1"
160659505021,950502,1,1586,43.7231761,-111.7859339,"1"
160659505022,950502,2,2007,43.7770053,-111.7698988,"1"
160679701001,970100,1,1315,42.6003308,-113.7823373,"1"
160679701002,970100,2,2043,42.6697036,-113.8431454,"1"
160679702001,970200,1,1146,42.5633512,-113.8544435,"1"
160679702002,970200,2,1802,42.5709767,-113.7697837,"1"
160679702003,970200,3,1289,42.5723451,-113.7468539,"1"
160679702004,970200,4,1977,42.5435446,-113.7295217,"1"
160679703001,970300,1,613,43.056931,-113.5069332,"1"
160679703002,970300,2,1761,42.6767416,-113.6114702,"1"
160679703003,970300,3,648,42.7518139,-113.6839843,"1"
160679704001,970400,1,1706,42.6070069,-113.6964481,"1"
160679704002,970400,2,1896,42.6284271,-113.6675025,"1"
160679704003,970400,3,1136,42.6268153,-113.7012835,"1"
160679705001,970500,1,1080,42.5709742,-113.6638239,"1"
160679705002,970500,2,1446,42.5980113,-113.672527,"1"
160679705003,970500,3,851,42.6146472,-113.6689373,"1"
160679705004,970500,4,904,42.6270584,-113.6198427,"1"
160699400001,940000,1,543,46.5060523,-116.5701595,"2"
160699400002,940000,2,726,46.4192916,-116.5211252,"2"
160699400003,940000,3,918,46.4238194,-116.7304488,"2"
160699400004,940000,4,998,46.4945964,-116.822057,"2"
160699400005,940000,5,1648,46.3005133,-116.7566314,"2"
160699602001,960200,1,371,46.5837376,-116.5850448,"2"
160699603001,960300,1,1179,46.4882488,-116.9680669,"2"
160699603002,960300,2,1564,46.4151037,-116.9378107,"2"
160699603003,960300,3,1444,46.4173637,-117.0269042,"2"
160699603004,960300,4,1013,46.4146094,-117.0158035,"2"
160699604001,960400,1,877,46.4110644,-117.0139037,"2"
160699604002,960400,2,998,46.4067521,-117.0169932,"2"
160699604003,960400,3,750,46.4090884,-117.0255062,"2"
160699604004,960400,4,705,46.4078265,-117.03452,"2"
160699605001,960500,1,1152,46.3982437,-117.0281544,"2"
160699605002,960500,2,1806,46.3931129,-117.0171948,"2"
160699605003,960500,3,1485,46.3967752,-117.0076979,"2"
160699606001,960600,1,1700,46.3893572,-116.9943985,"2"
160699606002,960600,2,1541,46.4017192,-116.9877262,"2"
160699606003,960600,3,816,46.4069109,-117.00137,"2"
160699606004,960600,4,1092,46.4122677,-116.9972059,"2"
160699607001,960700,1,703,46.0956517,-116.8989005,"2"
160699607002,960700,2,2265,46.3684166,-117.032653,"2"
160699607003,960700,3,744,46.382707,-117.0096989,"2"
160699607004,960700,4,949,46.3824015,-117.0046212,"2"
160699607005,960700,5,1115,46.3823447,-116.9993723,"2"
160699608001,960800,1,1339,46.3797949,-116.985536,"2"
160699608002,960800,2,1418,46.3654011,-116.9852352,"2"
160699608003,960800,3,1152,46.3622959,-116.9587194,"2"
160699609001,960900,1,932,46.3803018,-116.9650961,"2"
160699609002,960900,2,1368,46.372664,-116.9727596,"2"
160699609003,960900,3,957,46.3736166,-116.9603561,"2"
160699610001,961000,1,1792,46.3874259,-116.9464169,"2"
160699610002,961000,2,1129,46.368961,-116.9491324,"2"
160699610003,961000,3,1169,46.3726157,-116.9312317,"2"
160699610004,961000,4,1732,46.3644367,-116.9247419,"2"
160719601001,960100,1,1325,42.2042425,-112.5984504,"1"
160719601002,960100,2,1865,42.1776929,-112.1827192,"1"
160719601003,960100,3,1374,42.1934629,-112.2488818,"1"
160739501011,950101,1,1772,43.5918675,-116.9738619,"2"
160739501012,950101,2,1401,43.6118319,-116.9383774,"2"
160739501013,950101,3,1545,43.6223206,-116.9404076,"2"
160739501021,950102,1,1461,43.5471558,-116.8175585,"2"
160739501022,950102,2,1942,43.5273044,-116.856432,"2"
160739502001,950200,1,1702,43.0003989,-116.7181431,"1"
160739502002,950200,2,681,43.0346033,-116.1823296,"1"
160739502003,950200,3,880,42.3740354,-116.355884,"1"
160739502004,950200,4,529,42.4559894,-115.4753119,"1"
160759601001,960100,1,532,44.0775757,-116.682086,"2"
160759601002,960100,2,1451,44.0995978,-116.9256658,"2"
160759601003,960100,3,2045,44.1074185,-116.9094588,"2"
160759601004,960100,4,816,44.0753465,-116.9298371,"2"
160759601005,960100,5,2166,44.0654596,-116.8958764,"2"
160759602001,960200,1,1623,44.0842289,-116.9447018,"2"
160759602002,960200,2,1057,44.0645705,-116.9255575,"2"
160759602003,960200,3,873,44.0528813,-116.9219956,"2"
160759603011,960301,1,1679,43.8755875,-116.8985124,"2"
160759603021,960302,1,1612,44.0381081,-116.9417646,"2"
160759603022,960302,2,2936,44.0027142,-116.9267879,"2"
160759603023,960302,3,1476,44.0014806,-116.8863714,"2"
160759603024,960302,4,1711,44.0232026,-116.911775,"2"
160759604001,960400,1,929,43.9639112,-116.8478001,"2"
160759604002,960400,2,2580,43.8930519,-116.7871888,"2"
160759604003,960400,3,1900,43.9719867,-116.8177408,"2"
160779601001,960100,1,799,42.5282233,-112.7509123,"1"
160779601002,960100,2,826,42.768194,-112.648314,"1"
160779602001,960200,1,1075,42.7708104,-112.8050995,"1"
160779602002,960200,2,1646,42.7946183,-112.8557016,"1"
160779602003,960200,3,1383,42.782751,-112.8508226,"1"
160779602004,960200,4,1548,42.7737086,-112.8630596,"1"
160779602005,960200,5,601,42.8775184,-113.0865363,"1"
160799602001,960200,1,686,47.555206,-116.2762314,"2"
160799602002,960200,2,1005,47.1535227,-115.7995515,"2"
160799602003,960200,3,641,47.5357732,-116.257494,"2"
160799602004,960200,4,733,47.5388911,-116.236849,"2"
160799602005,960200,5,760,47.4453009,-116.1504552,"2"
160799602006,960200,6,486,47.764429,-116.0864173,"2"
160799603001,960300,1,562,47.5621489,-116.1884003,"2"
160799603002,960300,2,794,47.5627397,-116.0750826,"2"
160799603003,960300,3,882,47.4729208,-116.0971837,"2"
160799603004,960300,4,928,47.5163315,-116.1828131,"2"
160799603005,960300,5,849,47.5342659,-116.142225,"2"
160799604001,960400,1,743,47.507915,-116.0307124,"2"
160799604002,960400,2,846,47.4861187,-116.0063014,"2"
160799604003,960400,3,818,47.4455669,-115.9053024,"2"
160799604004,960400,4,559,47.5188312,-115.8225682,"2"
160799604005,960400,5,1169,47.521888,-115.9687918,"2"
160799604006,960400,6,708,47.4697692,-115.7577267,"2"
160819601011,960101,1,678,43.8020059,-111.1523611,"1"
160819601012,960101,2,376,43.8038998,-111.0790121,"1"
160819601013,960101,3,236,43.8425398,-111.115062,"1"
160819601021,960102,1,444,43.8692472,-111.2808626,"1"
160819601022,960102,2,215,43.9236607,-111.0931379,"1"
160819601031,960103,1,647,43.7009142,-111.0949729,"1"
160819601032,960103,2,351,43.7662153,-111.0938267,"1"
160819601033,960103,3,389,43.7164801,-111.3119383,"1"
160819601034,960103,4,546,43.7490363,-111.1609549,"1"
160819601041,960104,1,592,43.7281573,-111.0770583,"1"
160819601042,960104,2,1098,43.7306312,-111.0956179,"1"
160819601043,960104,3,322,43.7551693,-111.0705308,"1"
160819601051,960105,1,1025,43.657621,-111.0720324,"1"
160819601052,960105,2,919,43.6162033,-111.0730641,"1"
160819601053,960105,3,1034,43.6550287,-111.1411742,"1"
160819601061,960106,1,738,43.5960808,-111.1311869,"1"
160819601062,960106,2,407,43.5892479,-111.20328,"1"
160819601071,960107,1,934,43.5968337,-111.0658029,"1"
160819601072,960107,2,679,43.5401483,-111.0833019,"1"
160830002001,200,1,1829,42.5740302,-114.4504608,"1"
160830002002,200,2,1752,42.566782,-114.4529071,"1"
160830002003,200,3,2121,42.5666237,-114.4333113,"1"
160830002004,200,4,1817,42.5738445,-114.4308796,"1"
160830003001,300,1,856,42.5140206,-114.8779868,"1"
160830003002,300,2,1945,42.6230839,-114.7871852,"1"
160830003003,300,3,877,42.6157835,-114.8561297,"1"
160830003004,300,4,1437,42.6011466,-114.7230842,"1"
160830003005,300,5,791,42.5285675,-114.7791874,"1"
160830004001,400,1,1036,42.596797,-114.7828676,"1"
160830004002,400,2,1486,42.5884065,-114.7600216,"1"
160830004003,400,3,810,42.6019458,-114.7664937,"1"
160830004004,400,4,959,42.6048111,-114.7605412,"1"
160830005001,500,1,1478,42.5370599,-114.5852283,"1"
160830005002,500,2,1449,42.6175723,-114.62699,"1"
160830005003,500,3,2096,42.5422318,-114.6629521,"1"
160830005004,500,4,653,42.5726034,-114.6085639,"1"
160830005005,500,5,911,42.5601663,-114.6104823,"1"
160830006001,600,1,836,42.4857552,-114.4898493,"1"
160830006002,600,2,1125,42.5091801,-114.4210511,"1"
160830006003,600,3,1313,42.5422969,-114.5307821,"1"
160830007011,701,1,3808,42.619851,-114.5265225,"1"
160830007012,701,2,3180,42.5681963,-114.4886352,"1"
160830007013,701,3,4095,42.5983341,-114.4810559,"1"
160830007021,702,1,806,42.5884396,-114.4895275,"1"
160830007022,702,2,2538,42.5815619,-114.4895262,"1"
160830007023,702,3,1187,42.5762041,-114.4895847,"1"
160830008001,800,1,1533,42.5667914,-114.4652297,"1"
160830008002,800,2,854,42.5668041,-114.4725959,"1"
160830008003,800,3,789,42.5668312,-114.4774905,"1"
160830008004,800,4,2034,42.5821822,-114.4690882,"1"
160830008005,800,5,1223,42.5740657,-114.4764387,"1"
160830009001,900,1,1953,42.5814926,-114.4174459,"1"
160830009002,900,2,2319,42.5830463,-114.4479237,"1"
160830009003,900,3,797,42.5910271,-114.4509554,"1"
160830010011,1001,1,1879,42.552038,-114.4308841,"1"
160830010012,1001,2,1640,42.5593125,-114.4308948,"1"
160830010013,1001,3,1244,42.559474,-114.445561,"1"
160830010021,1002,1,2173,42.5430177,-114.4421662,"1"
160830010022,1002,2,1391,42.5595465,-114.4554082,"1"
160830010023,1002,3,814,42.5522877,-114.4577526,"1"
160830011001,1100,1,846,42.561238,-114.4704322,"1"
160830011002,1100,2,866,42.5579073,-114.4763949,"1"
160830011003,1100,3,1678,42.5550721,-114.4659418,"1"
160830012011,1201,1,2030,42.5253846,-114.4745009,"1"
160830012012,1201,2,2115,42.5276005,-114.4893825,"1"
160830012021,1202,1,1386,42.5519427,-114.4960414,"1"
160830012022,1202,2,1630,42.5381721,-114.4699016,"1"
160830012023,1202,3,1829,42.5459456,-114.4701299,"1"
160830013011,1301,1,2401,42.5699792,-114.3743285,"1"
160830013012,1301,2,2171,42.5263902,-114.3635253,"1"
160830013013,1301,3,2720,42.5409022,-114.3647971,"1"
160830013021,1302,1,1522,42.5424206,-114.2882603,"1"
160830013022,1302,2,862,42.4884881,-114.3395132,"1"
160830016001,1600,1,1443,42.3631504,-114.3921862,"1"
160830016002,1600,2,1408,42.3376405,-114.7467913,"1"
160830016003,1600,3,1305,42.4686828,-114.1835036,"1"
160859701001,970100,1,61,44.9197117,-115.0186662,"1"
160859701003,970100,3,1445,44.4994798,-115.9752476,"2"
160859701004,970100,4,1362,44.2232477,-116.1434293,"2"
160859701005,970100,5,2,44.4719483,-116.1244203,"2"
160859702001,970200,1,8,45.1027556,-115.8389726,"2"
160859702003,970200,3,1251,44.9709818,-116.0875541,"2"
160859702004,970200,4,1912,44.9690723,-116.0490976,"2"
160859703011,970301,1,2053,44.8432057,-116.1556787,"2"
160859703021,970302,1,1,44.8924271,-115.8042177,"2"
160859703022,970302,2,3651,44.7830649,-116.0299282,"2"
160879701001,970100,1,969,44.6829586,-116.79009,"2"
160879701002,970100,2,741,44.3851832,-116.5887611,"2"
160879702001,970200,1,808,44.2904437,-116.8561144,"2"
160879702002,970200,2,828,44.2520215,-116.963724,"2"
160879702003,970200,3,1216,44.2439237,-116.9591014,"2"
160879702004,970200,4,989,44.1847043,-116.7415518,"2"
160879703001,970300,1,1143,44.4147367,-117.0715447,"2"
160879703002,970300,2,1060,44.2496558,-117.0109894,"2"
160879703003,970300,3,1506,44.2621307,-116.9683521,"2"
160879703004,970300,4,1240,44.2472085,-116.9745476,"2"
