"GEOCODE","TRACT","BLKGRP","POP100","INTPTLAT","INTPTLON","CLUSTER"
230010101001,10100,1,1791,44.0940246,-70.2268339,"1"
230010102001,10200,1,191,44.1236338,-70.2360721,"1"
230010102002,10200,2,2082,44.1582621,-70.2522312,"1"
230010102003,10200,3,1753,44.11294,-70.2300543,"1"
230010102004,10200,4,898,44.1084347,-70.224878,"1"
230010103001,10300,1,1401,44.0938652,-70.2334185,"1"
230010103002,10300,2,690,44.1035344,-70.2298195,"1"
230010103003,10300,3,660,44.1010706,-70.2314867,"1"
230010104001,10400,1,673,44.082126,-70.2382772,"1"
230010104002,10400,2,817,44.0845366,-70.2496493,"1"
230010104003,10400,3,652,44.0900562,-70.2417355,"1"
230010105001,10500,1,709,44.0824466,-70.2223923,"1"
230010105002,10500,2,1357,44.0865209,-70.2229967,"1"
230010106001,10600,1,1527,44.030417,-70.2323963,"1"
230010106002,10600,2,1679,44.0661322,-70.2314343,"1"
230010107001,10700,1,1848,44.079854,-70.2795494,"1"
230010107002,10700,2,1254,44.0476694,-70.2831643,"1"
230010108001,10800,1,1830,44.1121007,-70.2438607,"1"
230010108002,10800,2,1126,44.1057072,-70.2595294,"1"
230010108003,10800,3,1123,44.1140836,-70.2874947,"1"
230010201001,20100,1,1258,44.094757,-70.2144833,"1"
230010201002,20100,2,329,44.098318,-70.2160117,"1"
230010201003,20100,3,248,44.0943967,-70.2204763,"1"
230010202001,20200,1,625,44.1083696,-70.2165369,"1"
230010202002,20200,2,699,44.103564,-70.2148759,"1"
230010203011,20301,1,626,44.1068583,-70.2042418,"1"
230010203012,20301,2,705,44.1030894,-70.197565,"1"
230010203013,20301,3,947,44.1032857,-70.2067514,"1"
230010203021,20302,1,2383,44.0995004,-70.2031463,"1"
230010203031,20303,1,2358,44.0981912,-70.2101092,"1"
230010204011,20401,1,2337,44.0935219,-70.2098553,"1"
230010204021,20402,1,809,44.0880253,-70.2065512,"1"
230010204022,20402,2,692,44.0903224,-70.2156873,"1"
230010205001,20500,1,742,44.0868032,-70.1896125,"1"
230010205002,20500,2,600,44.0717372,-70.2040905,"1"
230010205003,20500,3,501,44.0956582,-70.1938112,"1"
230010205004,20500,4,924,44.0838214,-70.1971774,"1"
230010205005,20500,5,701,44.0918217,-70.1953106,"1"
230010206001,20600,1,1294,44.0510638,-70.1783097,"1"
230010206002,20600,2,639,44.0837104,-70.1809969,"1"
230010206003,20600,3,885,44.0445226,-70.1444176,"1"
230010207001,20700,1,780,44.0895127,-70.172095,"1"
230010207002,20700,2,1426,44.0973658,-70.1837846,"1"
230010207003,20700,3,677,44.1054804,-70.1839666,"1"
230010207004,20700,4,1103,44.1228675,-70.1864183,"1"
230010207005,20700,5,1069,44.1116821,-70.1886909,"1"
230010208011,20801,1,856,44.1051638,-70.1682863,"1"
230010208012,20801,2,982,44.127058,-70.1658684,"1"
230010208013,20801,3,454,44.1137696,-70.1530873,"1"
230010208014,20801,4,538,44.1142689,-70.1339517,"1"
230010208021,20802,1,265,44.0725103,-70.1660709,"1"
230010208022,20802,2,1867,44.0810177,-70.1466893,"1"
230010208023,20802,3,1196,44.0996002,-70.1693186,"1"
230010208024,20802,4,1103,44.0949586,-70.1326776,"1"
230010209001,20900,1,1598,44.13603,-70.1815873,"1"
230010209002,20900,2,773,44.1507557,-70.1971757,"1"
230010209003,20900,3,1141,44.1097939,-70.2062877,"1"
230010209004,20900,4,991,44.1270175,-70.2025368,"1"
230010301001,30100,1,858,44.0082685,-70.1293459,"1"
230010301002,30100,2,1245,44.0420522,-70.1289931,"1"
230010301003,30100,3,794,44.0351301,-70.1120985,"1"
230010301004,30100,4,827,44.0184083,-70.0976689,"1"
230010301005,30100,5,679,44.0512715,-70.1005806,"1"
230010301006,30100,6,871,44.0194953,-70.0789321,"1"
230010302001,30200,1,1593,44.0067464,-70.0750431,"1"
230010302002,30200,2,2016,44.009884,-70.0536464,"1"
230010302003,30200,3,828,44.0366878,-70.0587993,"1"
230010400001,40000,1,1043,43.9651118,-70.1686637,"1"
230010400002,40000,2,1250,43.9539882,-70.1076254,"1"
230010400003,40000,3,845,43.9389049,-70.140839,"1"
230010400004,40000,4,1035,43.9833232,-70.0795434,"1"
230010410001,41000,1,874,44.0334334,-70.3569535,"1"
230010410002,41000,2,949,44.0520089,-70.4565857,"1"
230010410003,41000,3,931,44.0694892,-70.371839,"1"
230010410004,41000,4,694,44.0578713,-70.4094888,"1"
230010410005,41000,5,782,44.0705181,-70.315026,"1"
230010410006,41000,6,639,44.0600462,-70.3339859,"1"
230010410007,41000,7,1037,44.0270756,-70.4097413,"1"
230010415001,41500,1,1024,44.0960477,-70.4185575,"1"
230010415002,41500,2,1497,44.0939904,-70.3850804,"1"
230010415003,41500,3,1010,44.1778415,-70.342488,"1"
230010415004,41500,4,766,44.1297022,-70.3109267,"1"
230010415005,41500,5,1576,44.1261611,-70.3742236,"1"
230010420001,42000,1,1092,44.2344725,-70.2861113,"1"
230010420002,42000,2,1519,44.3047771,-70.227528,"1"
230010420003,42000,3,1977,44.2332852,-70.2088465,"1"
230010420004,42000,4,1229,44.3241377,-70.2667356,"1"
230010430001,43000,1,1373,44.4119351,-70.2315073,"2"
230010430002,43000,2,754,44.4098195,-70.1927494,"2"
230010440001,44000,1,645,44.4089851,-70.146296,"2"
230010440002,44000,2,2415,44.4453367,-70.1380761,"2"
230010450001,45000,1,2262,44.2953505,-70.133074,"2"
230010460001,46000,1,1692,44.2120061,-70.1692747,"1"
230010460002,46000,2,780,44.2056395,-70.1132221,"2"
230010460003,46000,3,800,44.1750196,-70.1507646,"1"
230010460004,46000,4,1104,44.1574959,-70.1339005,"1"
230010465001,46500,1,2400,44.0939071,-70.0719896,"1"
230010465002,46500,2,1608,44.1509213,-70.0624789,"2"
230010465003,46500,3,474,44.0794343,-70.1165333,"1"
230010465004,46500,4,1026,44.1188147,-70.1021509,"1"
230010465005,46500,5,1144,44.0937623,-70.0354706,"2"
230039501001,950100,1,656,46.9810535,-68.1883331,"2"
230039501002,950100,2,706,47.0019599,-68.3574187,"2"
230039501003,950100,3,1205,47.025814,-67.9562026,"2"
230039502001,950200,1,668,47.15064,-67.9525192,"2"
230039502002,950200,2,684,47.1628826,-67.9468049,"2"
230039502003,950200,3,1052,47.227713,-68.0925444,"2"
230039503001,950300,1,917,47.3377608,-68.3491228,"2"
230039503002,950300,2,470,47.3546007,-68.3330089,"2"
230039503003,950300,3,702,47.3533812,-68.2770755,"2"
230039503004,950300,4,800,47.3403895,-68.3217483,"2"
230039503005,950300,5,978,47.2806125,-68.2424301,"2"
230039504001,950400,1,730,47.2357317,-68.3173048,"2"
230039504002,950400,2,1052,47.2741176,-68.3982297,"2"
230039506001,950600,1,861,47.222173,-68.5192838,"2"
230039506002,950600,2,1578,47.2214369,-68.6393216,"2"
230039506003,950600,3,451,47.2604288,-68.5915368,"2"
230039506004,950600,4,1177,47.2738944,-68.522102,"2"
230039507001,950700,1,829,47.1469407,-68.5711963,"2"
230039507002,950700,2,950,46.8586028,-69.175273,"2"
230039507003,950700,3,966,47.02878,-68.6527636,"2"
230039509001,950900,1,1072,46.6865045,-68.4588264,"2"
230039509002,950900,2,799,46.582034,-68.3729392,"2"
230039510001,951000,1,600,46.8395782,-68.2359239,"2"
230039510002,951000,2,1217,46.8840579,-68.1195081,"2"
230039510003,951000,3,693,46.8168638,-68.1246682,"2"
230039510004,951000,4,834,46.7679219,-68.1110887,"2"
230039511001,951100,1,842,46.7088192,-68.0923941,"2"
230039511002,951100,2,854,46.7024832,-68.2004921,"2"
230039511003,951100,3,1054,46.5992969,-68.119375,"2"
230039512001,951200,1,748,46.9102898,-68.0458748,"2"
230039512002,951200,2,586,46.8626737,-68.0172581,"2"
230039512003,951200,3,895,46.8581793,-68.0382853,"2"
230039513001,951300,1,1167,46.9238125,-67.9869888,"2"
230039513002,951300,2,882,46.870705,-68.008185,"2"
230039513003,951300,3,475,46.8635638,-68.0049415,"2"
230039513004,951300,4,533,46.866126,-67.9521471,"2"
230039514001,951400,1,1305,46.8045735,-67.9509022,"2"
230039514002,951400,2,805,46.8094692,-68.0274216,"2"
230039516001,951600,1,596,46.9174863,-67.8087784,"2"
230039516002,951600,2,649,46.8859412,-67.8927945,"2"
230039516003,951600,3,281,46.9461189,-67.8869118,"2"
230039517001,951700,1,562,46.8305083,-67.8383283,"2"
230039517002,951700,2,771,46.7482812,-67.893406,"2"
230039517003,951700,3,1320,46.6333043,-67.8476235,"2"
230039517004,951700,4,1240,46.7512748,-67.8478417,"2"
230039517005,951700,5,749,46.7218895,-67.8289432,"2"
230039518001,951800,1,1194,46.6931842,-68.0087282,"2"
230039518002,951800,2,613,46.7196937,-68.0413854,"2"
230039518003,951800,3,828,46.7383015,-68.0035701,"2"
230039518004,951800,4,837,46.7337528,-67.9389148,"2"
230039519001,951900,1,1114,46.6648852,-67.9624152,"2"
230039519002,951900,2,1652,46.6583733,-67.9956549,"2"
230039520001,952000,1,1591,46.6933591,-68.0415488,"2"
230039520002,952000,2,968,46.6291141,-68.0071382,"2"
230039521001,952100,1,586,46.5382796,-67.814748,"2"
230039521002,952100,2,667,46.4875576,-67.8471231,"2"
230039521003,952100,3,1229,46.533465,-67.9660756,"2"
230039523001,952300,1,532,46.4135147,-67.8491551,"2"
230039523002,952300,2,997,46.235924,-67.8433315,"2"
230039523003,952300,3,901,46.3917452,-68.2060352,"2"
230039524001,952400,1,1252,46.1573846,-67.8116155,"2"
230039524002,952400,2,653,46.1259573,-67.8329354,"2"
230039524003,952400,3,842,46.1205069,-67.8361615,"2"
230039524004,952400,4,1110,46.1119282,-67.8081946,"2"
230039525001,952500,1,1031,46.1458321,-67.8772149,"2"
230039525002,952500,2,1167,46.1056106,-67.8620503,"2"
230039526001,952600,1,964,46.2053634,-68.0100491,"2"
230039526002,952600,2,661,46.07385,-68.1135325,"2"
230039526003,952600,3,1521,46.0643983,-67.9704063,"2"
230039527001,952700,1,540,46.1153073,-68.303043,"2"
230039527002,952700,2,1006,45.9861933,-68.2936787,"2"
230039527003,952700,3,815,45.8900128,-68.3593451,"2"
230039529001,952900,1,1505,46.0258782,-67.8464796,"2"
230039529002,952900,2,654,45.8217231,-67.8546391,"2"
230039529003,952900,3,714,45.7848335,-68.1550771,"2"
230050001001,100,1,530,43.6719411,-70.2501678,"1"
230050001002,100,2,989,43.6663744,-70.2503773,"1"
230050001003,100,3,883,43.6699705,-70.2516909,"1"
230050002001,200,1,568,43.666414,-70.2410326,"1"
230050002002,200,2,606,43.6660163,-70.2444015,"1"
230050002003,200,3,1242,43.6640501,-70.246911,"1"
230050003001,300,1,1396,43.6513279,-70.2553065,"1"
230050003002,300,2,609,43.6547742,-70.2611928,"1"
230050003003,300,3,1187,43.6557985,-70.2629337,"1"
230050005001,500,1,1204,43.6671072,-70.2621565,"1"
230050005002,500,2,1265,43.6616071,-70.2514306,"1"
230050006001,600,1,1407,43.6623343,-70.2606898,"1"
230050006002,600,2,968,43.6591043,-70.2643339,"1"
230050006003,600,3,1035,43.6560303,-70.2665312,"1"
230050010001,1000,1,1506,43.6578576,-70.2710172,"1"
230050010002,1000,2,1319,43.6534063,-70.2699007,"1"
230050011001,1100,1,824,43.6485784,-70.2615545,"1"
230050011002,1100,2,792,43.6508236,-70.2653907,"1"
230050011003,1100,3,961,43.651192,-70.2607424,"1"
230050012001,1200,1,759,43.6475817,-70.265916,"1"
230050012002,1200,2,638,43.6495805,-70.2679802,"1"
230050013001,1300,1,913,43.6477756,-70.2732053,"1"
230050013002,1300,2,1589,43.6519085,-70.277242,"1"
230050013003,1300,3,1298,43.6455638,-70.2686308,"1"
230050015001,1500,1,993,43.665643,-70.2724739,"1"
230050015002,1500,2,1469,43.6609585,-70.2780188,"1"
230050015003,1500,3,1056,43.6646488,-70.281941,"1"
230050017001,1700,1,1152,43.6658843,-70.2883355,"1"
230050017002,1700,2,1574,43.6646564,-70.2997105,"1"
230050017003,1700,3,697,43.6669417,-70.3056947,"1"
230050017004,1700,4,947,43.6679886,-70.2937402,"1"
230050018001,1800,1,1166,43.6767813,-70.2790123,"1"
230050018002,1800,2,1207,43.6715625,-70.282067,"1"
230050018003,1800,3,717,43.6836716,-70.2786835,"1"
230050018004,1800,4,656,43.6808703,-70.2697341,"1"
230050019001,1900,1,1220,43.6762489,-70.2905087,"1"
230050019002,1900,2,1033,43.6719619,-70.2932636,"1"
230050019003,1900,3,1292,43.6732251,-70.3027839,"1"
230050019004,1900,4,664,43.6769529,-70.2981203,"1"
230050020011,2001,1,736,43.6688825,-70.3159837,"1"
230050020012,2001,2,1402,43.680296,-70.3218871,"1"
230050020013,2001,3,1430,43.6767515,-70.3117148,"1"
230050020021,2002,1,2059,43.6533873,-70.2898528,"1"
230050020022,2002,2,744,43.6553174,-70.3229496,"1"
230050021011,2101,1,1495,43.7213868,-70.2859271,"1"
230050021012,2101,2,1211,43.7088326,-70.2870054,"1"
230050021013,2101,3,1612,43.7137072,-70.2953324,"1"
230050021014,2101,4,1919,43.7031421,-70.2965963,"1"
230050021021,2102,1,2216,43.6922525,-70.29763,"1"
230050021022,2102,2,1334,43.6926444,-70.3127549,"1"
230050021023,2102,3,1097,43.7068328,-70.3134646,"1"
230050021024,2102,4,834,43.6848118,-70.3036849,"1"
230050022001,2200,1,739,43.683592,-70.2911417,"1"
230050022002,2200,2,1336,43.7001837,-70.280353,"1"
230050022003,2200,3,1499,43.6952348,-70.2695848,"1"
230050022004,2200,4,1693,43.6899182,-70.2865385,"1"
230050023001,2300,1,1336,43.6952196,-70.2557216,"1"
230050023002,2300,2,792,43.6895355,-70.2561668,"1"
230050023003,2300,3,1481,43.6895774,-70.2623883,"1"
230050024001,2400,1,912,43.6331574,-70.1853051,"1"
230050024002,2400,2,128,43.6632853,-70.222003,"1"
230050024003,2400,3,306,43.6769364,-70.1547563,"1"
230050025011,2501,1,1979,43.712517,-70.218258,"1"
230050025012,2501,2,1564,43.7323456,-70.2180203,"1"
230050025031,2503,1,590,43.7340951,-70.298962,"1"
230050025032,2503,2,1560,43.7506498,-70.3315515,"1"
230050025033,2503,3,1786,43.77166,-70.3070507,"1"
230050025041,2504,1,2303,43.7191192,-70.2588289,"1"
230050025042,2504,2,2662,43.7377368,-70.2613216,"1"
230050026001,2600,1,2218,43.6957321,-70.3402437,"1"
230050026002,2600,2,2013,43.7334846,-70.3424079,"1"
230050027001,2700,1,2014,43.6815659,-70.3629917,"1"
230050027002,2700,2,1428,43.6894008,-70.3742965,"1"
230050027003,2700,3,1733,43.7091145,-70.3652304,"1"
230050028001,2800,1,1522,43.6814116,-70.3377114,"1"
230050028002,2800,2,1680,43.6681025,-70.3410171,"1"
230050029011,2901,1,2236,43.6672139,-70.3642867,"1"
230050029012,2901,2,2301,43.6570456,-70.3643145,"1"
230050029021,2902,1,679,43.680298,-70.3755704,"1"
230050029022,2902,2,914,43.673,-70.3700036,"1"
230050029023,2902,3,1662,43.6719243,-70.379677,"1"
230050030011,3001,1,1743,43.6334559,-70.2974548,"1"
230050030012,3001,2,1007,43.6250873,-70.3125013,"1"
230050030013,3001,3,901,43.6215878,-70.3206682,"1"
230050030021,3002,1,3287,43.6395825,-70.309081,"1"
230050030022,3002,2,123,43.6345795,-70.3394895,"1"
230050031001,3100,1,613,43.6334966,-70.2640033,"1"
230050031002,3100,2,1700,43.6290571,-70.2634646,"1"
230050031003,3100,3,661,43.6302246,-70.2732373,"1"
230050031004,3100,4,921,43.6343919,-70.278419,"1"
230050032001,3200,1,1590,43.6404569,-70.2357027,"1"
230050032002,3200,2,641,43.6373172,-70.2434425,"1"
230050032003,3200,3,1187,43.6426026,-70.2533742,"1"
230050033001,3300,1,1751,43.6147986,-70.2835955,"1"
230050033002,3300,2,1519,43.6195189,-70.2959653,"1"
230050034001,3400,1,716,43.6331575,-70.2358692,"1"
230050034002,3400,2,761,43.6330668,-70.2462277,"1"
230050034003,3400,3,900,43.6276157,-70.2461362,"1"
230050034004,3400,4,737,43.6247678,-70.2524901,"1"
230050034005,3400,5,1690,43.6112354,-70.2740723,"1"
230050035001,3500,1,1184,43.6403204,-70.2245151,"1"
230050035002,3500,2,1979,43.6492501,-70.2304556,"1"
230050035003,3500,3,887,43.6519909,-70.2378606,"1"
230050037011,3701,1,1515,43.617419,-70.2102823,"1"
230050037012,3701,2,2736,43.6113135,-70.2244363,"1"
230050037021,3702,1,2124,43.6057013,-70.2424437,"1"
230050037022,3702,2,1426,43.5695252,-70.2534881,"1"
230050037023,3702,3,1734,43.57101,-70.2100714,"1"
230050040011,4001,1,1911,43.6802425,-70.4023255,"1"
230050040012,4001,2,1308,43.6315082,-70.4320798,"1"
230050040021,4002,1,2293,43.6902243,-70.4273685,"1"
230050040022,4002,2,1089,43.6646203,-70.428953,"1"
230050040023,4002,3,2123,43.6541335,-70.4512969,"1"
230050040024,4002,4,2666,43.6898045,-70.4623979,"1"
230050041001,4100,1,3023,43.7123301,-70.4990161,"1"
230050041002,4100,2,1782,43.7559521,-70.4797812,"1"
230050041003,4100,3,2141,43.7420654,-70.4440967,"1"
230050042011,4201,1,1590,43.8137578,-70.3085329,"1"
230050042012,4201,2,1366,43.8223681,-70.2725485,"1"
230050042013,4201,3,1397,43.7917961,-70.2647622,"1"
230050042021,4202,1,1738,43.7911103,-70.2274254,"1"
230050042022,4202,2,2778,43.7353201,-70.0810075,"1"
230050044011,4401,1,621,43.8144864,-70.1631222,"1"
230050044012,4401,2,1392,43.8107836,-70.212734,"1"
230050044013,4401,3,1389,43.7927294,-70.198584,"1"
230050044014,4401,4,1256,43.8188004,-70.1939232,"1"
230050044015,4401,5,789,43.8267247,-70.177164,"1"
230050044021,4402,1,1713,43.7813393,-70.1642281,"1"
230050044022,4402,2,644,43.7681061,-70.1352038,"1"
230050044023,4402,3,341,43.8027537,-70.1813869,"1"
230050044024,4402,4,845,43.7937706,-70.1862351,"1"
230050045011,4501,1,1606,43.8565457,-70.1387528,"1"
230050045012,4501,2,1837,43.8912698,-70.1022426,"1"
230050045021,4502,1,917,43.8193974,-70.0664668,"1"
230050045022,4502,2,932,43.862407,-70.1024218,"1"
230050045023,4502,3,1342,43.8686968,-70.0605328,"1"
230050045024,4502,4,1335,43.809162,-70.1218786,"1"
230050045025,4502,5,768,43.8525399,-70.1027364,"1"
230050046001,4600,1,1980,43.866151,-70.2322354,"1"
230050046002,4600,2,2092,43.8385991,-70.2521471,"1"
230050047011,4701,1,675,43.9392814,-70.3668808,"1"
230050047012,4701,2,893,43.8722243,-70.3970224,"1"
230050047013,4701,3,586,43.8967076,-70.4109599,"1"
230050047021,4702,1,1975,43.8662822,-70.2968863,"1"
230050047022,4702,2,1040,43.9031368,-70.323356,"1"
230050047023,4702,3,1472,43.9049196,-70.367727,"1"
230050047024,4702,4,1628,43.853764,-70.334543,"1"
230050048021,4802,1,1907,43.8060341,-70.3935614,"1"
230050048022,4802,2,1307,43.8167733,-70.3579205,"1"
230050048023,4802,3,1699,43.7691049,-70.3685922,"1"
230050048031,4803,1,1698,43.7409579,-70.3803435,"1"
230050048032,4803,2,1194,43.7940446,-70.4339436,"1"
230050048033,4803,3,974,43.7687815,-70.4279592,"1"
230050048034,4803,4,2258,43.7607182,-70.4082386,"1"
230050048041,4804,1,1973,43.8320483,-70.4189258,"1"
230050048042,4804,2,336,43.8254396,-70.440598,"1"
230050048043,4804,3,1870,43.8126755,-70.4368096,"1"
230050048051,4805,1,1101,43.8554986,-70.4613597,"1"
230050048052,4805,2,1153,43.8696186,-70.4438153,"1"
230050048053,4805,3,964,43.8462155,-70.411949,"1"
230050111001,11100,1,2143,43.9260477,-69.8843345,"2"
230050111002,11100,2,786,43.8660281,-69.9046367,"1"
230050111003,11100,3,771,43.8935569,-69.9097126,"1"
230050111004,11100,4,1053,43.8940577,-69.936753,"1"
230050112031,11203,1,548,43.885835,-69.9862661,"1"
230050112032,11203,2,1090,43.8561705,-69.9856958,"1"
230050112033,11203,3,1970,43.8893221,-69.9604329,"1"
230050112041,11204,1,1038,43.9187036,-70.000016,"1"
230050112042,11204,2,833,43.9087649,-69.983962,"1"
230050112043,11204,3,1716,43.8985189,-69.988715,"1"
230050112051,11205,1,1135,43.914861,-69.9467495,"1"
230050112052,11205,2,974,43.9168863,-69.959967,"1"
230050112053,11205,3,982,43.9130828,-69.9704997,"1"
230050112061,11206,1,1956,43.9028448,-69.9725526,"1"
230050112062,11206,2,2088,43.903481,-69.954604,"1"
230050113001,11300,1,1592,43.9320964,-70.0320037,"1"
230050113002,11300,2,1081,43.8789249,-70.0283161,"1"
230050115001,11500,1,1255,43.985261,-70.346056,"1"
230050115002,11500,2,1342,43.9906554,-70.2873867,"1"
230050115003,11500,3,2277,43.941366,-70.2991565,"1"
230050115004,11500,4,802,43.9501749,-70.2352177,"1"
230050115005,11500,5,1566,43.9039141,-70.1820179,"1"
230050120011,12001,1,1673,43.9685512,-70.4332346,"1"
230050120021,12002,1,1571,43.9247329,-70.4457272,"1"
230050120022,12002,2,551,43.919418,-70.4877376,"1"
230050120023,12002,3,741,43.8911771,-70.4971789,"1"
230050130011,13001,1,694,44.001214,-70.5199745,"1"
230050130012,13001,2,814,44.0062512,-70.4761856,"1"
230050130021,13002,1,1433,43.961214,-70.5427444,"1"
230050130022,13002,2,705,43.9060444,-70.5432791,"1"
230050140011,14001,1,894,43.9336275,-70.5891381,"1"
230050140012,14001,2,1648,43.9887424,-70.5901492,"1"
230050140021,14002,1,633,43.9336254,-70.6354163,"1"
230050140022,14002,2,750,43.9757686,-70.6392975,"1"
230050150001,15000,1,920,44.1288644,-70.6316988,"1"
230050150002,15000,2,948,44.1026868,-70.6523883,"1"
230050150003,15000,3,579,44.0370826,-70.6400026,"1"
230050160011,16001,1,1214,44.0110268,-70.6931822,"1"
230050160012,16001,2,709,44.0640674,-70.8185996,"1"
230050160013,16001,3,628,44.0865865,-70.7517555,"1"
230050160014,16001,4,692,44.0348601,-70.7451508,"1"
230050160021,16002,1,812,44.1005977,-70.7089892,"1"
230050160022,16002,2,608,44.031098,-70.6603377,"1"
230050160023,16002,3,755,44.056639,-70.7070515,"1"
230050165001,16500,1,671,43.9125159,-70.7212883,"1"
230050165002,16500,2,1240,43.9009475,-70.6138264,"1"
230050165003,16500,3,1520,43.8393208,-70.744838,"1"
230050170021,17002,1,908,43.8289973,-70.5296547,"1"
230050170022,17002,2,1363,43.7864244,-70.5560523,"1"
230050170023,17002,3,1455,43.8243279,-70.4674696,"1"
230050170031,17003,1,1310,43.7423879,-70.5589204,"1"
230050170032,17003,2,759,43.7119427,-70.6325746,"1"
230050170033,17003,3,1401,43.7070881,-70.591015,"1"
230050170041,17004,1,1482,43.7555505,-70.6313457,"1"
230050170042,17004,2,1598,43.7912187,-70.6138634,"1"
230050171011,17101,1,803,43.798605,-70.0159869,"1"
230050171012,17101,2,1315,43.7531179,-70.0263448,"1"
230050171021,17102,1,942,43.7336746,-69.9713969,"1"
230050171022,17102,2,1061,43.803081,-69.8990212,"1"
230050171023,17102,3,910,43.8159474,-69.9212801,"1"
230050173031,17303,1,1999,43.5774056,-70.2967253,"1"
230050173032,17303,2,1653,43.5946199,-70.3168564,"1"
230050173033,17303,3,1237,43.5893547,-70.2841272,"1"
230050173051,17305,1,2098,43.5824929,-70.3833459,"1"
230050173052,17305,2,1269,43.6029076,-70.3516701,"1"
230050173053,17305,3,2253,43.6115755,-70.3315911,"1"
230050173061,17306,1,2074,43.5909095,-70.4088066,"1"
230050173062,17306,2,1457,43.6073988,-70.4550132,"1"
230050173063,17306,3,1522,43.6271683,-70.3839229,"1"
230050173071,17307,1,699,43.5478838,-70.3473673,"1"
230050173072,17307,2,1896,43.5600592,-70.3763985,"1"
230050173081,17308,1,916,43.562887,-70.285493,"1"
230050173082,17308,2,1214,43.5730874,-70.3625369,"1"
230050173083,17308,3,1848,43.5520678,-70.3209777,"1"
230079701011,970101,1,960,44.9760395,-70.1943813,"2"
230079701012,970101,2,627,44.9733646,-70.3237645,"2"
230079701013,970101,3,673,45.0643441,-70.2727491,"2"
230079701021,970102,1,641,45.1713265,-70.5111058,"2"
230079701022,970102,2,41,45.2887846,-70.6320558,"2"
230079701023,970102,3,213,45.0981263,-70.4305473,"2"
230079706011,970601,1,585,44.9580187,-70.6971922,"2"
230079706012,970601,2,184,44.8675524,-70.6840327,"1"
230079706013,970601,3,432,44.950671,-70.5658483,"2"
230079706014,970601,4,637,44.9905917,-70.7339586,"2"
230079706021,970602,1,945,44.6874683,-70.4492865,"2"
230079706022,970602,2,1,44.785649,-70.535355,"2"
230079706023,970602,3,1076,44.8711777,-70.4131644,"2"
230079710001,971000,1,1122,44.786174,-70.2085555,"2"
230079710002,971000,2,721,44.7985679,-70.0967568,"2"
230079710003,971000,3,788,44.751142,-70.0490843,"2"
230079710004,971000,4,527,44.696586,-70.267203,"2"
230079710005,971000,5,450,44.7770108,-70.3079872,"2"
230079711001,971100,1,1328,44.5386608,-70.1094778,"2"
230079711002,971100,2,723,44.5999379,-69.9719582,"2"
230079711003,971100,3,735,44.6756563,-70.0355867,"2"
230079712011,971201,1,701,44.6588236,-70.1371129,"2"
230079712012,971201,2,493,44.6669972,-70.1470053,"2"
230079712013,971201,3,954,44.6702618,-70.1375429,"2"
230079712014,971201,4,1262,44.6396938,-70.1101069,"2"
230079712021,971202,1,1051,44.6701995,-70.1515132,"2"
230079712022,971202,2,892,44.6810307,-70.1814016,"2"
230079712023,971202,3,594,44.6910128,-70.1692412,"2"
230079712024,971202,4,1645,44.7198954,-70.1262875,"2"
230079713001,971300,1,1669,44.5880826,-70.2916969,"2"
230079713002,971300,2,1116,44.643423,-70.2246832,"2"
230079713003,971300,3,1050,44.6074273,-70.185902,"2"
230079714001,971400,1,910,44.5322597,-70.1568551,"2"
230079714002,971400,2,414,44.5168965,-70.2021867,"2"
230079714003,971400,3,1025,44.5614554,-70.2285927,"2"
230079714004,971400,4,727,44.4829754,-70.1935642,"2"
230079714005,971400,5,992,44.5149463,-70.2487089,"2"
230079714006,971400,6,552,44.492894,-70.1925998,"2"
230099651001,965100,1,85,44.9539498,-68.1650816,"2"
230099651002,965100,2,893,44.8457595,-68.3118651,"2"
230099651003,965100,3,907,44.7186586,-68.3495071,"2"
230099652001,965200,1,1263,44.6882478,-68.6275137,"2"
230099652002,965200,2,1058,44.7080983,-68.5123031,"2"
230099653001,965300,1,976,44.6541,-68.6976795,"2"
230099653002,965300,2,926,44.6442102,-68.803371,"2"
230099653003,965300,3,924,44.6139822,-68.8109697,"2"
230099653004,965300,4,909,44.6165586,-68.7749279,"2"
230099653005,965300,5,1209,44.5849587,-68.7646255,"2"
230099654001,965400,1,792,44.5941345,-68.6366358,"2"
230099654002,965400,2,1429,44.5385135,-68.6951101,"2"
230099654003,965400,3,507,44.5355356,-68.780694,"2"
230099655031,965503,1,1027,44.4975905,-68.4076196,"2"
230099655032,965503,2,1691,44.5710075,-68.4157026,"2"
230099655033,965503,3,1050,44.5429412,-68.4087965,"2"
230099655041,965504,1,1996,44.6232758,-68.4946042,"2"
230099655042,965504,2,2664,44.5527728,-68.4967025,"2"
230099657001,965700,1,1567,44.6005457,-68.2444784,"2"
230099657002,965700,2,1498,44.5348898,-68.1534474,"2"
230099658001,965800,1,1158,44.4314885,-68.0768429,"2"
230099658002,965800,2,461,44.376372,-68.093638,"2"
230099658003,965800,3,545,44.4402602,-67.9977675,"2"
230099659001,965900,1,556,44.3908528,-68.2044317,"2"
230099659002,965900,2,1145,44.3509736,-68.1856064,"2"
230099659003,965900,3,681,44.353224,-68.2225037,"2"
230099659004,965900,4,962,44.39747,-68.2638076,"2"
230099659005,965900,5,1745,44.4055537,-68.3380766,"2"
230099660001,966000,1,1121,44.3451564,-68.3902849,"2"
230099660002,966000,2,1025,44.3332732,-68.2733202,"2"
230099661001,966100,1,1240,44.2945106,-68.3357958,"2"
230099661002,966100,2,676,44.2536356,-68.2617589,"2"
230099662001,966200,1,862,44.2570242,-68.4582193,"2"
230099662002,966200,2,1066,44.1549606,-68.4284702,"2"
230099663001,966300,1,1374,44.4021376,-68.5277179,"2"
230099663002,966300,2,1632,44.4674623,-68.5073288,"2"
230099663003,966300,3,1418,44.4447082,-68.620521,"2"
230099664001,966400,1,1136,44.4827026,-68.705997,"2"
230099664002,966400,2,1320,44.4090064,-68.8155328,"2"
230099665001,966500,1,827,44.2583531,-68.5463234,"2"
230099665002,966500,2,1212,44.3468802,-68.6343652,"2"
230099665003,966500,3,925,44.3511933,-68.7593267,"2"
230099666001,966600,1,1056,44.1504635,-68.6453275,"2"
230099666002,966600,2,946,44.2305345,-68.7917971,"2"
230099666003,966600,3,1248,44.2433466,-68.6104473,"2"
230099667001,966700,1,1494,44.5565789,-68.3385346,"2"
230099667002,966700,2,1720,44.4919882,-68.3200565,"2"
230099667003,966700,3,1584,44.4655401,-68.3908996,"2"
230099667004,966700,4,972,44.4912832,-68.2439907,"2"
230110101001,10100,1,1412,44.3507654,-69.6680773,"2"
230110101002,10100,2,847,44.3218137,-69.758235,"2"
230110101003,10100,3,831,44.3210798,-69.7664035,"2"
230110101004,10100,4,559,44.3284617,-69.7545018,"2"
230110101005,10100,5,1314,44.3533284,-69.7317707,"2"
230110102001,10200,1,1125,44.3666161,-69.8026437,"2"
230110102002,10200,2,1253,44.3375985,-69.7890802,"2"
230110102003,10200,3,746,44.3248104,-69.771835,"2"
230110102004,10200,4,984,44.3664669,-69.7563541,"2"
230110103001,10300,1,958,44.324159,-69.7901531,"2"
230110103002,10300,2,702,44.3300617,-69.817178,"2"
230110103003,10300,3,995,44.314928,-69.7785844,"2"
230110103004,10300,4,704,44.3127165,-69.7851839,"2"
230110104001,10400,1,682,44.3048645,-69.7779031,"2"
230110104002,10400,2,1534,44.3092566,-69.8029331,"2"
230110105001,10500,1,869,44.3009171,-69.6814988,"2"
230110105002,10500,2,2156,44.29784,-69.7553288,"2"
230110105003,10500,3,1228,44.3161705,-69.7546454,"2"
230110106011,10601,1,1509,44.2082179,-69.6961708,"2"
230110106012,10601,2,1366,44.1526764,-69.7193179,"2"
230110106013,10601,3,1060,44.2408148,-69.7597677,"2"
230110106014,10601,4,683,44.2309493,-69.7371248,"2"
230110106021,10602,1,1872,44.2664086,-69.7302019,"2"
230110106022,10602,2,906,44.2508278,-69.6805898,"2"
230110107001,10700,1,945,44.2929464,-69.7960598,"2"
230110107002,10700,2,961,44.2771949,-69.7970397,"2"
230110107003,10700,3,664,44.2967454,-69.830885,"2"
230110108011,10801,1,1461,44.375047,-69.8632645,"2"
230110108012,10801,2,995,44.2950835,-69.8630074,"2"
230110108031,10803,1,629,44.2605484,-69.8278048,"2"
230110108032,10803,2,1207,44.2599142,-69.7914687,"2"
230110108033,10803,3,1159,44.2427148,-69.7814317,"2"
230110108041,10804,1,1582,44.2482926,-69.8870763,"2"
230110108042,10804,2,2089,44.2097335,-69.8637896,"2"
230110109001,10900,1,856,44.2343746,-69.7948619,"2"
230110109002,10900,2,838,44.2248698,-69.7984101,"2"
230110110001,11000,1,527,44.2230993,-69.7682414,"2"
230110110002,11000,2,1161,44.2204244,-69.7832801,"2"
230110110003,11000,3,672,44.2054521,-69.7707146,"2"
230110110004,11000,4,1087,44.1884343,-69.8109857,"2"
230110110005,11000,5,820,44.1780007,-69.7767445,"2"
230110120001,12000,1,956,44.1981754,-69.9465836,"2"
230110120002,12000,2,952,44.1709333,-69.9140481,"2"
230110120003,12000,3,1678,44.1404587,-69.9533645,"2"
230110130001,13000,1,1345,44.2563059,-70.0440967,"2"
230110130002,13000,2,1183,44.2323783,-69.9788393,"2"
230110130003,13000,3,1538,44.2241818,-70.0315581,"2"
230110140011,14001,1,1765,44.3072815,-70.0188246,"2"
230110140012,14001,2,867,44.3056971,-69.9697479,"2"
230110140013,14001,3,1102,44.3469299,-69.9506945,"2"
230110140021,14002,1,692,44.2847882,-69.9702759,"2"
230110140022,14002,2,941,44.2951373,-69.9226314,"2"
230110140023,14002,3,754,44.3314488,-69.9174173,"2"
230110145001,14500,1,1160,44.4340068,-70.0670336,"2"
230110145002,14500,2,1129,44.3415504,-70.0679846,"2"
230110150001,15000,1,1445,44.3936717,-69.9842946,"2"
230110150002,15000,2,1152,44.3707982,-69.9181493,"2"
230110155001,15500,1,1148,44.5705083,-69.8930861,"2"
230110155002,15500,2,578,44.5548193,-69.9996825,"2"
230110155003,15500,3,708,44.4590897,-69.9870971,"2"
230110155004,15500,4,1013,44.4825076,-69.9542617,"2"
230110160001,16000,1,1229,44.5230922,-69.8375746,"2"
230110160002,16000,2,1145,44.4497826,-69.8714764,"2"
230110160003,16000,3,876,44.4547498,-69.8214972,"2"
230110170001,17000,1,1787,44.4378932,-69.7796536,"2"
230110170002,17000,2,2858,44.4444229,-69.72923,"2"
230110180001,18000,1,971,44.431638,-69.6819377,"2"
230110180002,18000,2,1273,44.3946526,-69.655017,"2"
230110180003,18000,3,617,44.4341988,-69.6195576,"2"
230110180004,18000,4,1659,44.4737638,-69.6351495,"2"
230110190001,19000,1,1155,44.3149884,-69.6092976,"2"
230110190002,19000,2,1477,44.3102877,-69.5444855,"2"
230110200001,20000,1,1255,44.4503802,-69.5590713,"2"
230110200002,20000,2,1192,44.4484859,-69.5003937,"2"
230110200003,20000,3,1961,44.3790012,-69.5355702,"2"
230110205001,20500,1,995,44.596709,-69.4236707,"2"
230110205002,20500,2,1047,44.5042243,-69.4300056,"2"
230110210001,21000,1,1402,44.6446289,-69.4886563,"2"
230110210002,21000,2,1968,44.6654738,-69.540766,"2"
230110220001,22000,1,990,44.5961239,-69.5579009,"2"
230110220002,22000,2,957,44.5948457,-69.4784871,"2"
230110220003,22000,3,768,44.5893986,-69.5326399,"2"
230110230011,23001,1,727,44.5619188,-69.5934275,"2"
230110230012,23001,2,1437,44.5588311,-69.6144347,"2"
230110230013,23001,3,738,44.5435524,-69.625329,"2"
230110230014,23001,4,974,44.5441128,-69.610057,"2"
230110230021,23002,1,1129,44.5114087,-69.6462144,"2"
230110230022,23002,2,1673,44.5132328,-69.5915207,"2"
230110230023,23002,3,1270,44.5296381,-69.5399206,"2"
230110241011,24101,1,794,44.5729336,-69.6199645,"2"
230110241012,24101,2,1070,44.5596521,-69.6399886,"2"
230110241013,24101,3,1518,44.564006,-69.6311373,"2"
230110241014,24101,4,724,44.5798348,-69.6426094,"2"
230110241021,24102,1,819,44.5416959,-69.6408918,"2"
230110241022,24102,2,898,44.5724373,-69.6132799,"2"
230110241023,24102,3,549,44.5466111,-69.6333707,"2"
230110241024,24102,4,968,44.5363053,-69.6459977,"2"
230110241025,24102,5,971,44.5527287,-69.6382059,"2"
230110241026,24102,6,887,44.5541098,-69.6332948,"2"
230110242011,24201,1,1302,44.5426051,-69.6529458,"2"
230110242012,24201,2,1774,44.5514323,-69.648725,"2"
230110242021,24202,1,1168,44.5664235,-69.6600295,"2"
230110242022,24202,2,1284,44.5350172,-69.6763795,"2"
230110242023,24202,3,1102,44.5138121,-69.684777,"2"
230110250011,25001,1,1560,44.5792761,-69.7332337,"2"
230110250012,25001,2,1153,44.5408668,-69.7500187,"2"
230110250013,25001,3,1712,44.5686702,-69.69964,"2"
230110250021,25002,1,645,44.560822,-69.6785704,"2"
230110250022,25002,2,1160,44.5243115,-69.7232877,"2"
230139702001,970200,1,826,44.2384055,-69.0640391,"2"
230139702002,970200,2,1100,44.1998997,-69.0584826,"2"
230139702003,970200,3,643,44.2386431,-69.0971519,"2"
230139702004,970200,4,1548,44.2088939,-69.0775133,"2"
230139702005,970200,5,1115,44.2173083,-69.1135126,"2"
230139703011,970301,1,1698,44.2411781,-69.1885129,"2"
230139703012,970301,2,1411,44.2978558,-69.270421,"2"
230139703021,970302,1,1592,44.2606394,-69.3915239,"2"
230139703022,970302,2,1589,44.234091,-69.3094187,"2"
230139703023,970302,3,794,44.1859395,-69.2463336,"2"
230139704011,970401,1,2012,44.1577475,-69.2467994,"2"
230139704012,970401,2,1411,44.10695,-69.2119653,"2"
230139704013,970401,3,1442,44.0855522,-69.2708463,"2"
230139704021,970402,1,420,44.0740141,-69.1995426,"2"
230139704022,970402,2,876,44.080092,-69.1629789,"2"
230139704023,970402,3,1443,44.107714,-69.1714252,"2"
230139705001,970500,1,1539,44.1582858,-69.0910921,"2"
230139705002,970500,2,707,44.1694221,-69.0595183,"2"
230139705003,970500,3,1398,44.1961209,-69.1663489,"2"
230139706001,970600,1,490,44.1024229,-69.1138396,"2"
230139706002,970600,2,851,44.1002064,-69.1257654,"2"
230139706003,970600,3,693,44.0907996,-69.1198648,"2"
230139706004,970600,4,492,44.097355,-69.1057342,"2"
230139707001,970700,1,1357,44.1343374,-69.145182,"2"
230139707002,970700,2,754,44.1124135,-69.1109627,"2"
230139707003,970700,3,1800,44.112905,-69.1253492,"2"
230139707004,970700,4,499,44.1145173,-69.1018353,"2"
230139708001,970800,1,559,44.02594,-69.1205482,"2"
230139708002,970800,2,637,44.0597476,-69.0984579,"2"
230139708003,970800,3,952,44.0465108,-69.1540591,"2"
230139708004,970800,4,867,44.0755118,-69.0798563,"2"
230139709001,970900,1,922,43.9218668,-69.2721914,"2"
230139709002,970900,2,776,44.0076659,-69.1616012,"2"
230139709003,970900,3,896,44.0029448,-69.1988369,"2"
230139710001,971000,1,1502,44.0139223,-69.2587056,"2"
230139710002,971000,2,1142,43.9786046,-69.332584,"2"
230139711001,971100,1,430,44.0603566,-68.9081076,"2"
230139711002,971100,2,862,44.0633104,-68.8186738,"2"
230139711003,971100,3,417,44.1561353,-68.8505516,"2"
230139711004,971100,4,145,44.0271653,-68.5756752,"2"
230159751001,975100,1,601,44.2817457,-69.4627397,"2"
230159751002,975100,2,1677,44.2332768,-69.5415044,"2"
230159751003,975100,3,874,44.1605198,-69.5017563,"2"
230159751004,975100,4,1310,44.2442373,-69.6054805,"2"
230159751005,975100,5,1098,44.1788869,-69.5999284,"2"
230159752001,975200,1,2302,44.1633775,-69.3628489,"2"
230159752002,975200,2,1610,44.0686175,-69.3219,"2"
230159752003,975200,3,1242,44.0732706,-69.4123389,"2"
230159753001,975300,1,1024,44.1137966,-69.4878761,"2"
230159753002,975300,2,767,44.0795205,-69.4706624,"2"
230159753003,975300,3,1216,44.0465939,-69.4821806,"2"
230159753004,975300,4,1081,44.022351,-69.4907559,"2"
230159754001,975400,1,710,44.0984676,-69.629176,"2"
230159754002,975400,2,1848,44.0522769,-69.5675223,"2"
230159754003,975400,3,1188,43.9759894,-69.6109523,"2"
230159755001,975500,1,1725,44.0861731,-69.7369877,"2"
230159755002,975500,2,1708,44.0255583,-69.7039066,"2"
230159755003,975500,3,1241,44.0405786,-69.6608355,"2"
230159755004,975500,4,793,43.9628304,-69.6947913,"2"
230159755005,975500,5,719,43.9046083,-69.6992334,"2"
230159756001,975600,1,823,43.9800698,-69.4303812,"2"
230159756002,975600,2,1313,43.9123692,-69.4992428,"2"
230159756003,975600,3,3,43.9101846,-69.4004395,"2"
230159756004,975600,4,581,43.8627332,-69.5123235,"2"
230159756005,975600,5,64,43.7674264,-69.3100589,"2"
230159756006,975600,6,940,43.9672653,-69.5014336,"2"
230159757001,975700,1,1127,43.8931543,-69.5665979,"2"
230159758001,975800,1,1251,43.9016288,-69.6437987,"2"
230159758002,975800,2,1081,43.8866094,-69.6030483,"2"
230159758003,975800,3,671,43.8198903,-69.5919724,"2"
230159762001,976200,1,1074,43.8562257,-69.6218242,"2"
230159762002,976200,2,599,43.861576,-69.6558953,"2"
230159762003,976200,3,622,43.8133391,-69.6628684,"2"
230159762004,976200,4,354,43.8354841,-69.6221629,"2"
230179651001,965100,1,155,44.8236917,-70.9789926,"1"
230179651002,965100,2,752,44.5912335,-70.7724243,"1"
230179651003,965100,3,115,44.4643773,-70.8696823,"1"
230179651004,965100,4,296,44.5281245,-70.7739285,"1"
230179651005,965100,5,211,44.8563839,-70.892237,"1"
230179654001,965400,1,1212,44.7025963,-70.6475845,"1"
230179654002,965400,2,1441,44.5531603,-70.4950151,"1"
230179654003,965400,3,567,44.5555598,-70.538078,"1"
230179655001,965500,1,1181,44.5061743,-70.5837504,"1"
230179655002,965500,2,972,44.5502198,-70.5412116,"1"
230179656001,965600,1,1327,44.5572552,-70.5538773,"1"
230179656002,965600,2,969,44.5651992,-70.5842705,"1"
230179656003,965600,3,1409,44.5599203,-70.6252639,"1"
230179657001,965700,1,1125,44.4905874,-70.2945474,"2"
230179657002,965700,2,2253,44.5335462,-70.3949586,"1"
230179658001,965800,1,805,44.4934313,-70.4984193,"1"
230179658002,965800,2,683,44.4609146,-70.4519225,"1"
230179658003,965800,3,994,44.3807961,-70.4485936,"1"
230179658004,965800,4,1203,44.3943671,-70.3314027,"1"
230179659001,965900,1,821,44.4547853,-70.7927164,"1"
230179659002,965900,2,1081,44.378421,-70.8163664,"1"
230179659003,965900,3,1038,44.4461164,-70.6872168,"1"
230179660011,966001,1,1352,44.4007467,-70.5581104,"1"
230179660012,966001,2,774,44.3457921,-70.6557008,"1"
230179660021,966002,1,1245,44.290309,-70.8885388,"1"
230179661001,966100,1,1766,44.3192775,-70.5226467,"1"
230179662001,966200,1,1580,44.2536697,-70.534966,"1"
230179662002,966200,2,1921,44.2804616,-70.4720145,"1"
230179662003,966200,3,758,44.2150723,-70.5210371,"1"
230179662004,966200,4,920,44.2222905,-70.4553568,"1"
230179663001,966300,1,553,44.2620694,-70.3539243,"1"
230179663002,966300,2,1223,44.2092568,-70.3888783,"1"
230179663003,966300,3,827,44.2965922,-70.4194479,"1"
230179663004,966300,4,603,44.3080414,-70.3281673,"1"
230179664011,966401,1,1853,44.0906202,-70.5494194,"1"
230179664012,966401,2,1549,44.1448704,-70.5238709,"1"
230179664013,966401,3,597,44.0963343,-70.485644,"1"
230179664021,966402,1,896,44.1557894,-70.4352082,"1"
230179664022,966402,2,694,44.1149704,-70.4641755,"1"
230179664023,966402,3,493,44.1706614,-70.4803176,"1"
230179665001,966500,1,676,44.2622475,-70.5757333,"1"
230179665002,966500,2,1380,44.2042636,-70.5448571,"1"
230179665003,966500,3,676,44.2163018,-70.5335977,"1"
230179665004,966500,4,1192,44.2355418,-70.5850945,"1"
230179665005,966500,5,1153,44.2174377,-70.6343713,"1"
230179666001,966600,1,668,44.1735265,-70.7304378,"1"
230179666002,966600,2,902,44.2059556,-70.6950431,"1"
230179666003,966600,3,742,44.1429355,-70.8249365,"1"
230179666004,966600,4,768,44.2136499,-70.8885777,"1"
230179667001,966700,1,1789,44.0753942,-70.9251998,"1"
230179667002,966700,2,978,43.9995753,-70.9399253,"1"
230179667003,966700,3,602,44.0107773,-70.9898435,"1"
230179668001,966800,1,1197,43.9962093,-70.8137373,"1"
230179668002,966800,2,1631,43.9307985,-70.9185838,"1"
230179669001,966900,1,1609,43.8489972,-70.8307642,"1"
230179669002,966900,2,1600,43.8378976,-70.9465682,"1"
230190002001,200,1,1007,44.8056433,-68.7575283,"2"
230190002002,200,2,863,44.8005759,-68.7702498,"2"
230190002003,200,3,1087,44.8076108,-68.7612622,"2"
230190002004,200,4,717,44.805935,-68.7680637,"2"
230190003001,300,1,2065,44.8243702,-68.7381293,"2"
230190003002,300,2,1047,44.8145987,-68.7489109,"2"
230190003003,300,3,1316,44.8162527,-68.7662975,"2"
230190004001,400,1,2256,44.8129708,-68.7759028,"2"
230190005001,500,1,705,44.8023247,-68.7797915,"2"
230190005002,500,2,1169,44.8113925,-68.78793,"2"
230190005003,500,3,698,44.8030046,-68.7963636,"2"
230190005004,500,4,491,44.8031187,-68.789569,"2"
230190005005,500,5,583,44.8064331,-68.7832684,"2"
230190006001,600,1,607,44.7996539,-68.7759359,"2"
230190006002,600,2,602,44.7927992,-68.7797892,"2"
230190006003,600,3,901,44.7965587,-68.7787602,"2"
230190007001,700,1,638,44.8042161,-68.8245606,"2"
230190007002,700,2,1993,44.7939479,-68.7986147,"2"
230190009001,900,1,2227,44.8426739,-68.8364309,"2"
230190009002,900,2,2491,44.8377817,-68.815218,"2"
230190009003,900,3,1712,44.8143516,-68.8012292,"2"
230190020001,2000,1,1111,44.7628685,-68.8043179,"2"
230190020002,2000,2,1410,44.7676965,-68.8258227,"2"
230190020003,2000,3,1760,44.7158874,-68.8556142,"2"
230190020004,2000,4,1259,44.7561533,-68.9043204,"2"
230190020005,2000,5,2169,44.7177517,-68.9140403,"2"
230190030001,3000,1,1364,44.7183457,-68.7628347,"2"
230190030002,3000,2,1693,44.7160237,-68.8125317,"2"
230190030003,3000,3,755,44.6887779,-68.7628054,"2"
230190041001,4100,1,700,44.7769475,-68.7791185,"2"
230190041002,4100,2,1062,44.7912904,-68.7650582,"2"
230190042001,4200,1,1019,44.7817247,-68.7650577,"2"
230190042002,4200,2,1685,44.7633287,-68.7466645,"2"
230190043001,4300,1,1241,44.7816107,-68.7267851,"2"
230190043002,4300,2,2136,44.7995071,-68.7137337,"2"
230190043003,4300,3,928,44.7959669,-68.7501255,"2"
230190043004,4300,4,901,44.7941581,-68.7561481,"2"
230190050001,5000,1,890,44.8273148,-68.7046873,"2"
230190050002,5000,2,924,44.8459204,-68.7167822,"2"
230190061001,6100,1,1016,44.8617081,-68.6838635,"2"
230190061002,6100,2,3033,44.8968336,-68.6500805,"2"
230190062001,6200,1,668,44.8934716,-68.6848613,"2"
230190062002,6200,2,998,44.899203,-68.7323154,"2"
230190062003,6200,3,1213,44.8694736,-68.6940585,"2"
230190063001,6300,1,1256,44.8966076,-68.6631854,"2"
230190063002,6300,2,2999,44.9028728,-68.6699323,"2"
230190071001,7100,1,1214,44.9298943,-68.6530881,"2"
230190071002,7100,2,1149,44.9391795,-68.6468974,"2"
230190071003,7100,3,689,44.9236422,-68.6408035,"2"
230190071004,7100,4,836,44.9161053,-68.6527534,"2"
230190071005,7100,5,913,44.9498274,-68.6755657,"2"
230190072001,7200,1,1868,44.9243425,-68.748162,"2"
230190072002,7200,2,762,44.9695828,-68.7420652,"2"
230190080011,8001,1,1532,44.8944804,-68.5467521,"2"
230190080012,8001,2,1141,44.9453955,-68.5292016,"2"
230190080013,8001,3,1928,44.9933779,-68.5759447,"2"
230190090001,9000,1,840,44.7951865,-68.4790607,"2"
230190090002,9000,2,1328,44.8377271,-68.6479884,"2"
230190090003,9000,3,866,44.7599578,-68.5794009,"2"
230190090004,9000,4,904,44.7864332,-68.6434723,"2"
230190090005,9000,5,913,44.7733696,-68.6725636,"2"
230190090006,9000,6,1460,44.7343997,-68.6725097,"2"
230190100001,10000,1,2277,44.8384207,-68.8938573,"2"
230190100002,10000,2,2876,44.8087746,-68.9416451,"2"
230190100003,10000,3,1308,44.8074153,-68.8698132,"2"
230190110001,11000,1,1468,44.8140446,-69.0258482,"2"
230190110002,11000,2,1399,44.7790704,-69.0290193,"2"
230190120001,12000,1,1595,44.7047554,-69.0129288,"2"
230190125001,12500,1,1325,44.7852824,-69.2362765,"2"
230190125002,12500,2,1211,44.6975708,-69.1437029,"2"
230190130001,13000,1,945,44.8193886,-69.2722935,"2"
230190130002,13000,2,1389,44.8624499,-69.2634541,"2"
230190130003,13000,3,799,44.8739649,-69.2065882,"2"
230190135001,13500,1,1186,44.8716402,-69.1139263,"2"
230190135002,13500,2,1226,44.7638663,-69.1280682,"2"
230190140001,14000,1,1013,44.9422774,-69.2947689,"2"
230190140002,14000,2,1208,44.9605205,-69.2286178,"2"
230190150001,15000,1,1117,45.0071096,-69.3023492,"2"
230190150002,15000,2,805,45.0085589,-69.23664,"2"
230190150003,15000,3,1881,45.0553676,-69.2835288,"2"
230190155001,15500,1,1026,45.0772584,-69.1587713,"2"
230190155002,15500,2,963,44.9632249,-69.1250054,"2"
230190180001,18000,1,2940,44.8768163,-68.9966512,"2"
230190205001,20500,1,1184,45.08826,-68.9066811,"2"
230190205002,20500,2,1416,44.9926362,-68.8884754,"2"
230190215001,21500,1,1084,45.0717067,-68.747737,"2"
230190215002,21500,2,769,45.1622503,-68.760531,"2"
230190225001,22500,1,1800,45.1189851,-68.5868953,"2"
230190245001,24500,1,1049,45.1452759,-68.4244364,"2"
230190245002,24500,2,1315,45.3760425,-68.2981723,"2"
230190255001,25500,1,596,45.5421512,-68.2915641,"2"
230190255002,25500,2,941,45.4385046,-68.1098185,"2"
230190265001,26500,1,1187,45.6063954,-68.5004994,"2"
230190265002,26500,2,750,45.4844672,-68.473475,"2"
230190270001,27000,1,2164,45.354924,-68.4395081,"2"
230190270002,27000,2,1004,45.319444,-68.5159072,"2"
230190270003,27000,3,1685,45.3930663,-68.4387706,"2"
230190280001,28000,1,1435,45.28411,-68.5822307,"2"
230190285001,28500,1,1223,45.3158949,-68.7395643,"2"
230190290001,29000,1,405,45.8848234,-68.6930368,"2"
230190290002,29000,2,1448,45.9914146,-68.4926767,"2"
230190300001,30000,1,1076,45.6665267,-68.6890069,"2"
230190300002,30000,2,848,45.6496165,-68.6827834,"2"
230190300003,30000,3,782,45.6431715,-68.713477,"2"
230190300004,30000,4,1408,45.6608337,-68.7097287,"2"
230190310001,31000,1,1572,45.6536396,-68.5973397,"2"
230190311001,31100,1,1193,44.8538292,-68.7538349,"2"
230190311002,31100,2,979,44.8320735,-68.7788346,"2"
230190311003,31100,3,2704,44.8272935,-68.7906284,"2"
230190311004,31100,4,1702,44.8557858,-68.8001682,"2"
230190312001,31200,1,1551,45.0776517,-69.0314323,"2"
230190312002,31200,2,1604,44.9877754,-68.9806155,"2"
230190312003,31200,3,1296,44.973077,-69.0412236,"2"
230190313001,31300,1,1346,44.9159213,-68.9279419,"2"
230190313002,31300,2,2590,44.9248488,-68.8342164,"2"
230190313003,31300,3,2058,44.9001694,-68.8725578,"2"
230199400001,940000,1,370,44.9672416,-68.6686161,"2"
230219603011,960301,1,101,45.4732443,-69.6964785,"2"
230219603012,960301,2,835,45.4898563,-69.5921198,"2"
230219603013,960301,3,602,45.4622663,-69.5438303,"2"
230219603021,960302,1,445,45.9935053,-69.2470263,"2"
230219604001,960400,1,637,45.3083072,-69.4280666,"2"
230219604002,960400,2,609,45.2972185,-69.4991491,"2"
230219605001,960500,1,650,45.1928466,-69.4941931,"2"
230219605002,960500,2,1004,45.1017253,-69.5405534,"2"
230219606001,960600,1,622,45.1389942,-69.2921996,"2"
230219606002,960600,2,1267,45.2059651,-69.3401324,"2"
230219606003,960600,3,684,45.1002202,-69.3187118,"2"
230219607001,960700,1,1647,45.2369245,-69.2219499,"2"
230219607002,960700,2,1764,45.1354309,-69.1594608,"2"
230219607003,960700,3,1011,45.1880982,-69.1844766,"2"
230219608001,960800,1,596,45.1691225,-68.9927685,"2"
230219608002,960800,2,665,45.2427423,-69.1046395,"2"
230219608003,960800,3,861,45.283562,-69.0210198,"2"
230219608004,960800,4,725,45.2357122,-69.012424,"2"
230219608005,960800,5,786,45.2868319,-68.8951091,"2"
230219609001,960900,1,1289,45.3823058,-68.939908,"2"
230239701001,970100,1,1718,44.1145235,-69.8060385,"2"
230239701002,970100,2,960,44.1233616,-69.8610012,"2"
230239701003,970100,3,844,44.0850177,-69.8131053,"2"
230239702001,970200,1,1584,44.0270559,-69.9003076,"2"
230239702002,970200,2,2097,44.0734328,-69.9707483,"2"
230239702003,970200,3,1039,44.0256772,-69.9788242,"2"
230239702005,970200,5,1463,44.0386671,-69.8493252,"2"
230239703011,970301,1,913,43.9545126,-70.0074381,"1"
230239703012,970301,2,801,43.9314585,-69.9576948,"1"
230239703013,970301,3,1949,43.9636119,-69.9439543,"1"
230239703014,970301,4,1529,43.9816785,-69.9945346,"1"
230239703021,970302,1,811,43.9229063,-69.9798835,"1"
230239703022,970302,2,1582,43.9345098,-69.9750581,"1"
230239703023,970302,3,751,43.9215634,-69.9400499,"1"
230239703024,970302,4,1224,43.9396342,-69.9134799,"2"
230239704001,970400,1,1600,43.9755669,-69.795138,"2"
230239704002,970400,2,1468,43.9393228,-69.7457406,"2"
230239704003,970400,3,477,43.8639402,-69.7888919,"2"
230239704004,970400,4,1058,43.833341,-69.7490659,"2"
230239705001,970500,1,1101,43.915222,-69.8255518,"2"
230239705002,970500,2,830,43.9405304,-69.8209597,"2"
230239705003,970500,3,790,43.9232175,-69.8135068,"2"
230239705004,970500,4,665,43.9146137,-69.8138724,"2"
230239705005,970500,5,698,43.9199553,-69.8313877,"2"
230239705006,970500,6,1350,43.9593801,-69.8476801,"2"
230239706001,970600,1,680,43.905771,-69.8141268,"2"
230239706002,970600,2,1464,43.9095675,-69.826479,"2"
230239706003,970600,3,1188,43.8879822,-69.8267225,"2"
230239707001,970700,1,1062,43.8049862,-69.8582079,"1"
230239707002,970700,2,1093,43.770829,-69.8191636,"1"
230239707003,970700,3,1238,43.895462,-69.8557291,"2"
230239707004,970700,4,672,43.844754,-69.8596114,"1"
230259653011,965301,1,970,45.6476859,-70.2144554,"2"
230259653021,965302,1,354,45.9886074,-69.9271134,"2"
230259653022,965302,2,560,45.1236006,-69.9178989,"2"
230259653023,965302,3,303,45.2768086,-70.015149,"2"
230259653024,965302,4,74,45.5049622,-70.3403638,"2"
230259656001,965600,1,1014,44.9961645,-69.6811599,"2"
230259656002,965600,2,825,44.9771472,-69.5455539,"2"
230259657001,965700,1,976,44.9413967,-69.4227586,"2"
230259657002,965700,2,927,45.0255691,-69.3900533,"2"
230259657003,965700,3,1069,44.9299356,-69.3667941,"2"
230259658001,965800,1,1924,44.8431509,-69.3683556,"2"
230259658002,965800,2,885,44.7730914,-69.3015372,"2"
230259659001,965900,1,1705,44.8798231,-69.5205004,"2"
230259660001,966000,1,788,44.8089283,-69.4603167,"2"
230259660002,966000,2,1149,44.7620354,-69.4553103,"2"
230259660003,966000,3,911,44.7386763,-69.4017358,"2"
230259660004,966000,4,1060,44.7933899,-69.3735841,"2"
230259661001,966100,1,1317,44.8665823,-69.6744599,"2"
230259661002,966100,2,1344,44.7419306,-69.5369499,"2"
230259661003,966100,3,849,44.8088306,-69.5755329,"2"
230259662001,966200,1,978,44.9393802,-69.8081422,"2"
230259662002,966200,2,866,45.0177314,-69.8133653,"2"
230259663001,966300,1,1101,45.0045553,-70.0176044,"2"
230259663002,966300,2,902,44.9256864,-69.9330384,"2"
230259664001,966400,1,1351,44.8499237,-69.9214813,"2"
230259664002,966400,2,940,44.8120425,-69.9670767,"2"
230259665001,966500,1,1042,44.8139813,-69.8729536,"2"
230259665002,966500,2,1543,44.7883815,-69.8575039,"2"
230259665003,966500,3,999,44.8492399,-69.7608085,"2"
230259665004,966500,4,1142,44.8174765,-69.8252108,"2"
230259666011,966601,1,760,44.7945808,-69.7177206,"2"
230259666012,966601,2,1276,44.7734913,-69.7390123,"2"
230259666021,966602,1,1262,44.7949204,-69.648182,"2"
230259666022,966602,2,1031,44.7771987,-69.7129533,"2"
230259667011,966701,1,1124,44.739415,-69.673675,"2"
230259667012,966701,2,647,44.7523585,-69.622161,"2"
230259667013,966701,3,673,44.7594614,-69.7099556,"2"
230259667021,966702,1,1847,44.7312035,-69.7188572,"2"
230259668011,966801,1,1008,44.5825576,-69.6020468,"2"
230259668012,966801,2,747,44.5862232,-69.6144496,"2"
230259668013,966801,3,861,44.5878215,-69.6015027,"2"
230259668014,966801,4,765,44.6293062,-69.6074894,"2"
230259668021,966802,1,1332,44.6326794,-69.7206068,"2"
230259668022,966802,2,987,44.6628904,-69.673629,"2"
230259668023,966802,3,784,44.6031713,-69.6345333,"2"
230259669001,966900,1,1614,44.745551,-69.8143126,"2"
230259669002,966900,2,1664,44.695165,-69.7880307,"2"
230259670001,967000,1,1302,44.6922903,-69.941246,"2"
230259670002,967000,2,925,44.6418193,-69.7998896,"2"
230270410001,41000,1,1598,44.6611931,-68.944953,"2"
230270410002,41000,2,2219,44.6628961,-68.8430444,"2"
230270420001,42000,1,1231,44.5989267,-68.9283296,"2"
230270420002,42000,2,698,44.5649627,-68.8727059,"2"
230270420003,42000,3,605,44.5112059,-68.8861781,"2"
230270420004,42000,4,928,44.502001,-68.809361,"2"
230270420005,42000,5,982,44.5278349,-68.947865,"2"
230270420006,42000,6,1667,44.4569081,-68.9176004,"2"
230270430001,43000,1,1731,44.448082,-68.9927119,"2"
230270430002,43000,2,1381,44.4356843,-69.060728,"2"
230270430003,43000,3,1336,44.4258537,-69.0093806,"2"
230270430004,43000,4,1451,44.4032273,-68.9840642,"2"
230270430005,43000,5,1039,44.4014033,-69.0417638,"2"
230270440001,44000,1,583,44.2988885,-68.915242,"2"
230270440002,44000,2,975,44.3063458,-69.1090222,"2"
230270440003,44000,3,1550,44.3591146,-68.9900466,"2"
230270440004,44000,4,1337,44.2888182,-69.045849,"2"
230270450001,45000,1,811,44.5178732,-69.2165202,"2"
230270450002,45000,2,971,44.4281885,-69.1698382,"2"
230270450003,45000,3,976,44.3886644,-69.119442,"2"
230270450004,45000,4,1400,44.3682521,-69.1862925,"2"
230270450005,45000,5,934,44.3690927,-69.3359996,"2"
230270450006,45000,6,1020,44.4326009,-69.2916717,"2"
230270460011,46001,1,1570,44.3961145,-69.4306296,"2"
230270460012,46001,2,711,44.494049,-69.3476428,"2"
230270460021,46002,1,774,44.5935525,-69.2374727,"2"
230270460022,46002,2,1018,44.6741485,-69.2518443,"2"
230270460023,46002,3,1614,44.5806738,-69.3232711,"2"
230270460024,46002,4,678,44.5890743,-69.3847463,"2"
230270460025,46002,5,1096,44.6739989,-69.3864601,"2"
230270470001,47000,1,1541,44.6072167,-69.0712809,"2"
230270470002,47000,2,1010,44.5375694,-69.1217595,"2"
230270470003,47000,3,1377,44.5169616,-69.0123354,"2"
230270470004,47000,4,795,44.4662411,-69.0927916,"2"
230299551001,955100,1,1120,45.4493143,-67.5883448,"2"
230299551002,955100,2,587,45.634468,-67.8329074,"2"
230299551003,955100,3,536,44.8645947,-67.8436906,"2"
230299551004,955100,4,468,45.2698541,-67.8656371,"2"
230299553001,955300,1,745,45.144593,-67.5269715,"2"
230299553002,955300,2,719,45.0727005,-67.5512178,"2"
230299554001,955400,1,670,45.2109181,-67.4738695,"2"
230299554002,955400,2,648,45.132963,-67.3999835,"2"
230299555001,955500,1,636,45.1865808,-67.2842642,"2"
230299555002,955500,2,820,45.1825902,-67.2738476,"2"
230299555003,955500,3,1623,45.1429518,-67.2175289,"2"
230299556001,955600,1,1285,45.012255,-67.1081422,"2"
230299556002,955600,2,748,44.9590104,-67.0486175,"2"
230299557001,955700,1,1288,44.9109392,-67.0091635,"2"
230299558001,955800,1,430,44.8508569,-66.9980754,"2"
230299558002,955800,2,709,44.8578835,-67.079661,"2"
230299558003,955800,3,547,44.8054011,-67.0317838,"2"
230299558004,955800,4,524,44.6690227,-67.2219896,"2"
230299559001,955900,1,838,45.0331004,-67.2876851,"2"
230299559002,955900,2,788,44.9168049,-67.1349551,"2"
230299559003,955900,3,1064,44.8947751,-67.3740935,"2"
230299561001,956100,1,1326,44.7761047,-67.4164192,"2"
230299561002,956100,2,962,44.655762,-67.3789714,"2"
230299562001,956200,1,730,44.7465112,-67.5068122,"2"
230299562002,956200,2,1123,44.715997,-67.4730984,"2"
230299562003,956200,3,937,44.695863,-67.4440338,"2"
230299563001,956300,1,904,44.6924941,-67.5936996,"2"
230299563002,956300,2,1245,44.5607592,-67.4822337,"2"
230299563003,956300,3,443,44.4636252,-67.6220312,"2"
230299564001,956400,1,911,44.6783216,-67.7740361,"2"
230299564002,956400,2,962,44.5398622,-67.8269978,"2"
230299564003,956400,3,1148,44.540726,-67.7123641,"2"
230299565001,956500,1,1107,44.631269,-67.9271202,"2"
230299565002,956500,2,1129,44.4784144,-67.9470619,"2"
230299565003,956500,3,1375,44.5072495,-67.877817,"2"
230310051001,5100,1,1975,43.5773852,-70.4855609,"1"
230310051002,5100,2,2032,43.5534899,-70.4553384,"1"
230310051003,5100,3,1517,43.5148214,-70.4959507,"1"
230310052001,5200,1,2460,43.5392407,-70.4310571,"1"
230310052002,5200,2,1931,43.5045623,-70.4328334,"1"
230310052003,5200,3,1027,43.5084336,-70.4230508,"1"
230310053011,5301,1,1091,43.502147,-70.4530226,"1"
230310053012,5301,2,1353,43.4949231,-70.4396576,"1"
230310053013,5301,3,1246,43.5008335,-70.447537,"1"
230310053021,5302,1,2069,43.5132747,-70.4583233,"1"
230310053022,5302,2,866,43.5077329,-70.4717948,"1"
230310054001,5400,1,654,43.4797937,-70.3590695,"1"
230310054002,5400,2,2160,43.4882798,-70.400651,"1"
230310061031,6103,1,1230,43.5134435,-70.4039395,"1"
230310061032,6103,2,963,43.5247591,-70.4101215,"1"
230310061033,6103,3,824,43.5072621,-70.4011743,"1"
230310061041,6104,1,1058,43.5230404,-70.3943013,"1"
230310061042,6104,2,326,43.5288624,-70.3627165,"1"
230310061043,6104,3,1385,43.5363084,-70.3750118,"1"
230310061051,6105,1,469,43.503261,-70.3825146,"1"
230310061052,6105,2,443,43.501755,-70.3961271,"1"
230310061061,6106,1,1019,43.5129063,-70.3818035,"1"
230310061062,6106,2,828,43.5169459,-70.3805192,"1"
230310061063,6106,3,415,43.5095547,-70.3871844,"1"
230310200011,20001,1,1654,43.6362598,-70.5388421,"1"
230310200012,20001,2,1819,43.5954665,-70.5444308,"1"
230310200021,20002,1,2183,43.6652462,-70.5934918,"1"
230310200022,20002,2,2720,43.6553195,-70.5244667,"1"
230310210001,21000,1,1594,43.6654361,-70.6334599,"1"
230310210002,21000,2,1827,43.6171209,-70.6358712,"1"
230310210003,21000,3,1324,43.5954916,-70.5931524,"1"
230310220001,22000,1,1777,43.7610689,-70.7166649,"1"
230310220002,22000,2,2115,43.6936858,-70.687383,"1"
230310225001,22500,1,1508,43.7671861,-70.808863,"1"
230310225002,22500,2,1078,43.7691532,-70.9071022,"1"
230310225003,22500,3,713,43.7075039,-70.9417004,"1"
230310230001,23000,1,1590,43.7077935,-70.7618009,"1"
230310230002,23000,2,1598,43.6753705,-70.8062008,"1"
230310235011,23501,1,1298,43.5595642,-70.9270244,"1"
230310235012,23501,2,1373,43.5001079,-70.9164827,"1"
230310235013,23501,3,1046,43.510621,-70.8363703,"1"
230310235021,23502,1,483,43.5668457,-70.8768121,"1"
230310235022,23502,2,1013,43.6464611,-70.8909077,"1"
230310235023,23502,3,635,43.6343547,-70.9371998,"1"
230310235024,23502,4,1392,43.5872477,-70.8296369,"1"
230310240011,24001,1,1430,43.6052789,-70.7789051,"1"
230310240012,24001,2,2430,43.6497069,-70.7297725,"1"
230310240021,24002,1,963,43.5902465,-70.7274409,"1"
230310240022,24002,2,2210,43.6022488,-70.6841947,"1"
230310240023,24002,3,903,43.5320545,-70.7155679,"1"
230310245011,24501,1,1484,43.5192004,-70.6592194,"1"
230310245012,24501,2,1881,43.4874044,-70.6167319,"1"
230310245013,24501,3,1160,43.4890685,-70.6619055,"1"
230310245021,24502,1,2129,43.5505681,-70.5738328,"1"
230310251001,25100,1,1479,43.4695001,-70.4780838,"1"
230310251002,25100,2,1568,43.4921016,-70.4865655,"1"
230310251003,25100,3,886,43.4972937,-70.5198897,"1"
230310252031,25203,1,1207,43.4877559,-70.4691015,"1"
230310252032,25203,2,733,43.4894067,-70.4598786,"1"
230310252033,25203,3,934,43.4882813,-70.4643851,"1"
230310252041,25204,1,873,43.4972733,-70.4604469,"1"
230310252042,25204,2,1380,43.4887257,-70.4716394,"1"
230310252051,25205,1,739,43.4834857,-70.4654284,"1"
230310252052,25205,2,1604,43.4851573,-70.4593508,"1"
230310252053,25205,3,929,43.4805256,-70.4584684,"1"
230310252061,25206,1,1300,43.490982,-70.4514553,"1"
230310252062,25206,2,1045,43.4941166,-70.4532529,"1"
230310252063,25206,3,991,43.4897982,-70.4436003,"1"
230310252064,25206,4,1162,43.4815898,-70.4506978,"1"
230310253001,25300,1,1923,43.455327,-70.4528351,"1"
230310253002,25300,2,1120,43.4563939,-70.4084729,"1"
230310254001,25400,1,506,43.4439511,-70.3404846,"1"
230310254002,25400,2,2173,43.4472972,-70.375619,"1"
230310260001,26000,1,1555,43.4102293,-70.4997613,"1"
230310260002,26000,2,2709,43.4535197,-70.5456444,"1"
230310270001,27000,1,512,43.3703832,-70.4318923,"1"
230310270002,27000,2,1154,43.3632371,-70.4602836,"1"
230310270003,27000,3,698,43.4191209,-70.4264912,"1"
230310270004,27000,4,1265,43.39973,-70.4747807,"1"
230310280011,28001,1,2333,43.4306945,-70.6060428,"1"
230310280012,28001,2,1252,43.3967229,-70.6206596,"1"
230310280031,28003,1,1223,43.3755898,-70.557443,"1"
230310280032,28003,2,1144,43.3897669,-70.5604335,"1"
230310280033,28003,3,928,43.3975604,-70.5411173,"1"
230310280034,28003,4,1191,43.4092894,-70.5478464,"1"
230310280041,28004,1,1596,43.3638575,-70.5236224,"1"
230310280042,28004,2,758,43.353763,-70.4901415,"1"
230310280043,28004,3,1111,43.3845628,-70.525513,"1"
230310290001,29000,1,1345,43.5051469,-70.7534175,"1"
230310290002,29000,2,1728,43.4498995,-70.6778129,"1"
230310301011,30101,1,1209,43.4809703,-70.795272,"1"
230310301012,30101,2,1057,43.4529112,-70.8405377,"1"
230310301021,30102,1,2240,43.4582476,-70.7880806,"1"
230310302011,30201,1,1552,43.4565194,-70.7680214,"1"
230310302012,30201,2,1741,43.4396778,-70.7824078,"1"
230310302013,30201,3,937,43.4333641,-70.8126339,"1"
230310302031,30203,1,1211,43.4070688,-70.7528993,"1"
230310302032,30203,2,1503,43.4291226,-70.7731349,"1"
230310302033,30203,3,794,43.4214826,-70.7941086,"1"
230310302041,30204,1,1035,43.4422425,-70.7465558,"1"
230310302042,30204,2,1874,43.4434436,-70.7672929,"1"
230310302051,30205,1,1243,43.42655,-70.7473281,"1"
230310302052,30205,2,1861,43.4359506,-70.7642656,"1"
230310303001,30300,1,1460,43.4216436,-70.7161099,"1"
230310303002,30300,2,1386,43.3843142,-70.7183998,"1"
230310303003,30300,3,879,43.4087856,-70.6589467,"1"
230310310001,31000,1,1820,43.3508968,-70.9068422,"1"
230310310002,31000,2,2205,43.3949243,-70.9391178,"1"
230310310003,31000,3,2444,43.4287366,-70.892341,"1"
230310320011,32001,1,2382,43.2853603,-70.851461,"1"
230310320012,32001,2,2458,43.3183437,-70.892589,"1"
230310320021,32002,1,1553,43.257965,-70.8066071,"1"
230310320022,32002,2,1557,43.3185255,-70.8395453,"1"
230310330001,33000,1,1620,43.3618282,-70.7705192,"1"
230310330002,33000,2,1303,43.2962146,-70.7309534,"1"
230310330003,33000,3,2055,43.3317367,-70.7956484,"1"
230310340021,34002,1,1112,43.3674122,-70.6558957,"1"
230310340022,34002,2,1192,43.3532375,-70.615059,"1"
230310340023,34002,3,1818,43.3352822,-70.6914515,"1"
230310340024,34002,4,1126,43.2859166,-70.6597538,"1"
230310340025,34002,5,1177,43.3181746,-70.6465646,"1"
230310340031,34003,1,1347,43.3457673,-70.5789523,"1"
230310340032,34003,2,429,43.3340905,-70.5562094,"1"
230310340041,34004,1,1752,43.2967107,-70.6023081,"1"
230310340051,34005,1,626,43.2808989,-70.5872169,"1"
230310340052,34005,2,735,43.3051581,-70.5736996,"1"
230310340061,34006,1,1577,43.2564039,-70.6128366,"1"
230310350011,35001,1,2308,43.2493327,-70.7314621,"1"
230310350012,35001,2,1268,43.2305767,-70.7767199,"1"
230310350021,35002,1,1406,43.2379947,-70.811326,"1"
230310350022,35002,2,1321,43.2245413,-70.7999541,"1"
230310350023,35002,3,1164,43.2000764,-70.8001158,"1"
230310360021,36002,1,1443,43.1565443,-70.7221877,"1"
230310360022,36002,2,1881,43.1929451,-70.6817732,"1"
230310360023,36002,3,764,43.2325641,-70.6611362,"1"
230310360024,36002,4,2172,43.2149159,-70.6288062,"1"
230310360031,36003,1,1294,43.1186773,-70.6641826,"1"
230310360032,36003,2,1428,43.1454365,-70.6361496,"1"
230310360033,36003,3,652,43.1422928,-70.626458,"1"
230310360041,36004,1,943,43.167273,-70.6036323,"1"
230310360042,36004,2,2439,43.1509643,-70.6492007,"1"
230310360043,36004,3,707,43.1831405,-70.6149106,"1"
230310370001,37000,1,1993,43.1109704,-70.781406,"1"
230310370002,37000,2,1889,43.144484,-70.8198498,"1"
230310370003,37000,3,2835,43.1550399,-70.7774671,"1"
230310380011,38001,1,993,43.0048522,-70.6043548,"1"
230310380012,38001,2,1934,43.0866022,-70.7238993,"1"
230310380013,38001,3,1473,43.1062454,-70.684118,"1"
230310380014,38001,4,1216,43.0813402,-70.7348049,"1"
230310380015,38001,5,1058,43.1018965,-70.7362267,"1"
230310380021,38002,1,1614,43.1236727,-70.7444024,"1"
230310380022,38002,2,878,43.0965929,-70.749173,"1"
230310380023,38002,3,904,43.1213219,-70.6992046,"1"
