"GEOCODE","TRACT","BLKGRP","POP100","INTPTLAT","INTPTLON","CLUSTER"
300010001001,100,1,578,45.5728694,-113.4119222,"2"
300010001002,100,2,661,44.8088707,-112.658532,"2"
300010002001,200,1,935,45.2765508,-112.6409177,"2"
300010002002,200,2,991,45.3578769,-112.5772396,"2"
300010002003,200,3,981,44.9948002,-112.5708965,"2"
300010002004,200,4,1033,45.3607136,-112.8818137,"2"
300010003001,300,1,1080,45.2307972,-112.6055304,"2"
300010003002,300,2,809,45.2089471,-112.659815,"2"
300010003003,300,3,964,45.2110816,-112.6436249,"2"
300010003004,300,4,1339,45.2103776,-112.6039822,"2"
300030001001,100,1,1131,45.7331533,-107.6044652,"1"
300030001002,100,2,1933,45.7298502,-107.6364006,"1"
300030001003,100,3,970,45.7278012,-107.616092,"1"
300030001004,100,4,630,45.843087,-107.5347703,"1"
300039404001,940400,1,1780,45.1629157,-106.7917678,"1"
300039405001,940500,1,654,45.2668182,-107.8683118,"1"
300039405002,940500,2,777,45.4215146,-108.1657974,"1"
300039406001,940600,1,1512,45.5934504,-107.5068167,"1"
300039406002,940600,2,1566,45.6228731,-107.2508913,"1"
300039407001,940700,1,1213,45.2073046,-107.4031079,"1"
300039407002,940700,2,958,45.3151566,-107.3708535,"1"
300050001001,100,1,1493,48.7620266,-108.6250542,"1"
300050002001,200,1,1024,48.3323779,-109.2584806,"1"
300050002002,200,2,1282,48.5916069,-109.2349668,"1"
300059401001,940100,1,1656,48.3601602,-108.655007,"1"
300059402001,940200,1,758,48.0760432,-108.8509869,"1"
300059402002,940200,2,831,48.1398587,-108.5664933,"1"
300070001001,100,1,990,46.3765242,-111.498727,"1"
300070001002,100,2,1093,46.3041141,-111.5247507,"1"
300070002001,200,1,2122,46.1914503,-111.6368356,"2"
300070002002,200,2,1461,46.4265064,-111.3745215,"1"
300070002003,200,3,1108,46.4811079,-111.6080177,"2"
300090001001,100,1,721,45.4945159,-109.0532175,"1"
300090001002,100,2,645,45.487669,-108.9630277,"1"
300090001003,100,3,1321,45.5348048,-108.8898389,"1"
300090002001,200,1,968,45.3027877,-109.002906,"1"
300090002002,200,2,795,45.3108396,-108.9188751,"1"
300090003001,300,1,1308,45.2186424,-109.2519133,"1"
300090003002,300,2,576,45.1871934,-109.2462903,"1"
300090003003,300,3,622,45.2016971,-109.223087,"1"
300090004001,400,1,1071,45.3721603,-109.2776352,"1"
300090004002,400,2,549,45.2938685,-109.3876899,"1"
300090004003,400,3,589,45.0870548,-109.5583917,"1"
300090005001,500,1,1308,45.1886615,-108.750405,"1"
300110003001,300,1,777,45.9540128,-104.6787214,"1"
300110003002,300,2,638,45.4142288,-104.51724,"1"
300130001001,100,1,1697,47.5099149,-111.2312705,"1"
300130001002,100,2,888,47.524302,-111.2307877,"1"
300130002001,200,1,970,47.5182932,-111.2546203,"1"
300130002002,200,2,1140,47.5088897,-111.2467373,"1"
300130002003,200,3,1448,47.5089387,-111.2580947,"1"
300130003001,300,1,826,47.5157553,-111.2728006,"1"
300130003002,300,2,1091,47.5112107,-111.2728884,"1"
300130003003,300,3,734,47.5084832,-111.2729058,"1"
300130003004,300,4,766,47.5062724,-111.2729375,"1"
300130004001,400,1,978,47.5156718,-111.2859006,"1"
300130004002,400,2,739,47.5074152,-111.2859656,"1"
300130007001,700,1,1081,47.5008788,-111.2938524,"1"
300130007002,700,2,983,47.4987068,-111.3034813,"1"
300130008001,800,1,932,47.5024648,-111.2860088,"1"
300130008002,800,2,803,47.4970004,-111.2860567,"1"
300130009001,900,1,752,47.5023818,-111.268624,"1"
300130009002,900,2,674,47.4969079,-111.2686753,"1"
300130009003,900,3,1336,47.4969545,-111.2773591,"1"
300130009004,900,4,621,47.5024265,-111.2773054,"1"
300130010001,1000,1,1079,47.5017294,-111.2468146,"1"
300130010002,1000,2,996,47.4962818,-111.2530004,"1"
300130010003,1000,3,648,47.500138,-111.2581828,"1"
300130010004,1000,4,648,47.5034334,-111.2581432,"1"
300130011001,1100,1,901,47.4997474,-111.2148876,"1"
300130011002,1100,2,997,47.4995614,-111.2217843,"1"
300130011003,1100,3,1091,47.4967688,-111.2355549,"1"
300130011004,1100,4,1308,47.5031378,-111.2343976,"1"
300130012011,1201,1,244,47.5093943,-111.2092631,"1"
300130012012,1201,2,1550,47.5157811,-111.207126,"1"
300130012021,1202,1,1027,47.5108494,-111.1991482,"1"
300130012022,1202,2,1337,47.5034806,-111.1738994,"1"
300130016001,1600,1,818,47.5113792,-111.325419,"2"
300130016002,1600,2,1059,47.5052723,-111.3228514,"1"
300130016003,1600,3,939,47.5092781,-111.3340978,"2"
300130016004,1600,4,738,47.4994783,-111.3267469,"2"
300130016005,1600,5,714,47.5143837,-111.3356845,"2"
300130017001,1700,1,579,47.5170605,-111.3877053,"2"
300130017002,1700,2,911,47.5034855,-111.3503381,"2"
300130017003,1700,3,561,47.4929088,-111.3449333,"2"
300130018001,1800,1,716,47.5212385,-111.300611,"1"
300130018002,1800,2,867,47.5263451,-111.3170744,"1"
300130018003,1800,3,692,47.5304466,-111.3194608,"2"
300130018004,1800,4,1367,47.5284666,-111.3330482,"2"
300130019001,1900,1,1485,47.5344331,-111.2918879,"1"
300130019002,1900,2,2187,47.5292901,-111.3029439,"1"
300130019003,1900,3,2997,47.5447419,-111.3047908,"1"
300130021001,2100,1,1510,47.4689697,-111.2120808,"1"
300130021002,2100,2,1219,47.4897723,-111.2463901,"1"
300130021003,2100,3,2201,47.4853039,-111.2615718,"1"
300130021004,2100,4,936,47.491204,-111.2661295,"1"
300130022011,2201,1,1220,47.4741937,-111.3128702,"1"
300130022012,2201,2,1987,47.4548419,-111.2934917,"1"
300130022021,2202,1,761,47.4880059,-111.2898603,"1"
300130022022,2202,2,1385,47.4785551,-111.2839683,"1"
300130022023,2202,3,1313,47.4905627,-111.2793326,"1"
300130023011,2301,1,2599,47.4562147,-111.3136,"1"
300130023012,2301,2,1179,47.4842833,-111.3334738,"2"
300130023013,2301,3,1484,47.4800665,-111.3204557,"1"
300130023021,2302,1,2420,47.4415045,-111.3685391,"2"
300130101001,10100,1,1752,47.5345915,-111.4883659,"2"
300130101002,10100,2,951,47.5277484,-111.2599563,"1"
300130101003,10100,3,1234,47.631766,-111.3288702,"2"
300130104001,10400,1,667,47.2890392,-111.7446235,"2"
300130104002,10400,2,503,47.2892206,-111.872686,"2"
300130104003,10400,3,631,47.0748475,-111.6883679,"2"
300130106001,10600,1,1188,47.1664851,-111.1065228,"1"
300130106002,10600,2,903,47.3986634,-110.8987119,"1"
300130106003,10600,3,759,47.3524709,-111.1720507,"1"
300130106004,10600,4,1082,47.3620667,-110.9267816,"1"
300130107001,10700,1,1931,47.4520645,-111.5595519,"2"
300130107002,10700,2,1326,47.543198,-111.6414495,"2"
300130107003,10700,3,1579,47.4650513,-111.8564082,"2"
300130108001,10800,1,896,47.5107429,-111.3034641,"1"
300130108002,10800,2,1166,47.5090708,-111.2975894,"1"
300130108003,10800,3,717,47.5058627,-111.298198,"1"
300150102001,10200,1,647,47.9399021,-110.9984915,"1"
300150102002,10200,2,1463,47.829236,-110.651153,"1"
300150103001,10300,1,637,48.1972892,-110.1013457,"1"
300150103002,10300,2,1121,47.6851046,-110.3689734,"1"
300150103003,10300,3,666,48.0527038,-110.070308,"1"
300150103004,10300,4,1361,48.2311348,-109.8511498,"1"
300179613001,961300,1,1215,46.087899,-105.5542429,"1"
300179613002,961300,2,844,46.5547018,-105.6053107,"1"
300179615001,961500,1,759,46.4140001,-105.857917,"1"
300179615002,961500,2,968,46.4254345,-105.8280112,"1"
300179616001,961600,1,974,46.4059349,-105.8163747,"1"
300179616002,961600,2,685,46.4099798,-105.8320756,"1"
300179616003,961600,3,685,46.4187885,-105.8104611,"1"
300179618001,961800,1,805,46.4014017,-105.838253,"1"
300179618002,961800,2,731,46.4058367,-105.8388605,"1"
300179619001,961900,1,924,46.3920632,-105.8405156,"1"
300179619002,961900,2,1105,46.3903484,-105.8195736,"1"
300179620001,962000,1,688,46.4028897,-105.8538457,"1"
300179620002,962000,2,734,46.4097242,-105.8470935,"1"
300179620003,962000,3,750,46.4134742,-105.838343,"1"
300190203001,20300,1,590,48.794429,-105.5417385,"1"
300190203002,20300,2,1071,48.7512492,-105.4987826,"1"
300210001001,100,1,701,47.1062275,-104.9987824,"1"
300210001002,100,2,691,47.4726391,-104.9809765,"1"
300210002001,200,1,820,47.1194072,-104.7318357,"1"
300210002002,200,2,746,47.094885,-104.7470597,"1"
300210002003,200,3,1187,47.0731595,-104.8026143,"1"
300210003001,300,1,2030,47.1097668,-104.6725384,"1"
300210003002,300,2,650,47.1079134,-104.714367,"1"
300210003003,300,3,672,47.1046441,-104.7087153,"1"
300210003004,300,4,739,47.0909844,-104.7213646,"1"
300210003005,300,5,704,47.073541,-104.7007838,"1"
300230003001,300,1,1102,46.0746433,-112.9034625,"2"
300230003002,300,2,955,46.1283425,-112.9454549,"2"
300230003003,300,3,965,46.1245939,-112.9495222,"2"
300230004001,400,1,1021,46.1074661,-112.9915308,"2"
300230004002,400,2,800,46.1326918,-112.9636652,"2"
300230004003,400,3,866,46.1297451,-112.9577816,"2"
300230004004,400,4,718,46.1265143,-112.9589654,"2"
300230005001,500,1,946,46.2099326,-112.7875345,"2"
300230005002,500,2,797,46.0175935,-113.1768441,"2"
300230005003,500,3,486,46.1179052,-112.8250213,"2"
300230005004,500,4,765,46.1505169,-113.0176761,"2"
300250001001,100,1,1038,46.3181841,-104.4057182,"1"
300250001002,100,2,1158,46.3578306,-104.3015644,"1"
300250001003,100,3,853,46.3394411,-104.2523521,"1"
300270301001,30100,1,1165,47.3653049,-109.6481601,"1"
300270301002,30100,2,1276,47.33043,-108.875161,"1"
300270301003,30100,3,1217,47.091352,-109.2369171,"1"
300270301004,30100,4,1422,46.8865245,-109.5095544,"1"
300270302011,30201,1,945,47.0728593,-109.4195265,"1"
300270302012,30201,2,1060,47.0581242,-109.4206057,"1"
300270302013,30201,3,1295,47.0382049,-109.4360515,"1"
300270302021,30202,1,1017,47.0645977,-109.4314363,"1"
300270302022,30202,2,1162,47.0625689,-109.4504016,"1"
300270302023,30202,3,887,47.0741692,-109.4704298,"1"
300290001011,101,1,718,48.5324154,-114.6824014,"2"
300290001012,101,2,236,48.7942075,-114.0674038,"2"
300290001021,102,1,2519,47.9482835,-113.3985315,"2"
300290002011,201,1,1285,48.3736963,-114.2288998,"2"
300290002012,201,2,1717,48.3519882,-114.2420244,"2"
300290002013,201,3,1361,48.4140957,-114.1968818,"2"
300290002014,201,4,764,48.4269962,-114.11292,"2"
300290002021,202,1,1470,48.3380058,-114.1865119,"2"
300290002022,202,2,1537,48.3495575,-114.1134432,"2"
300290002031,203,1,1173,48.3707596,-114.1682875,"2"
300290002032,203,2,1044,48.3742875,-114.1871299,"2"
300290002033,203,3,696,48.3322563,-114.2200639,"2"
300290002034,203,4,1849,48.3651493,-114.1917725,"2"
300290003011,301,1,497,48.4229673,-114.3511316,"2"
300290003012,301,2,1406,48.4349453,-114.4371784,"2"
300290003013,301,3,1193,48.4171118,-114.3424166,"2"
300290003021,302,1,700,48.4828884,-114.2923371,"2"
300290003022,302,2,1129,48.4361332,-114.3068354,"2"
300290004021,402,1,1566,48.3541475,-114.3716969,"2"
300290004022,402,2,1149,48.399957,-114.359108,"2"
300290004023,402,3,511,48.4091355,-114.340292,"2"
300290004031,403,1,1400,48.3528732,-114.3204256,"2"
300290004032,403,2,1164,48.3250211,-114.3153963,"2"
300290004041,404,1,1740,48.376863,-114.2954239,"2"
300290004042,404,2,727,48.4115202,-114.3252804,"2"
300290004043,404,3,1016,48.3973886,-114.3319177,"2"
300290006011,601,1,2359,48.2770496,-114.3840094,"2"
300290006012,601,2,2000,48.2869208,-114.3178438,"2"
300290006013,601,3,1123,48.2965058,-114.271012,"2"
300290006021,602,1,1205,48.2491205,-114.0773405,"2"
300290006022,602,2,1770,48.2765898,-114.1699284,"2"
300290006023,602,3,1223,48.278609,-114.2363468,"2"
300290007001,700,1,697,48.2397878,-114.2877733,"2"
300290007002,700,2,1608,48.2222372,-114.2818659,"2"
300290007003,700,3,1810,48.2465816,-114.2457901,"2"
300290007004,700,4,1023,48.2289088,-114.2653298,"2"
300290007005,700,5,1101,48.2219448,-114.2688079,"2"
300290008011,801,1,1521,48.2373489,-114.3095061,"2"
300290008012,801,2,1634,48.218111,-114.300944,"2"
300290008021,802,1,2087,48.2333045,-114.3637011,"2"
300290008022,802,2,1311,48.1656729,-114.3257587,"2"
300290008023,802,3,1699,48.2029638,-114.3711758,"2"
300290008024,802,4,1098,48.1548532,-114.3752496,"2"
300290009011,901,1,2167,48.2046501,-114.3377977,"2"
300290009021,902,1,1320,48.2201929,-114.3378884,"2"
300290009022,902,2,828,48.2154844,-114.3427989,"2"
300290009031,903,1,1463,48.2166727,-114.3252036,"2"
300290009032,903,2,1071,48.2088503,-114.309611,"2"
300290009033,903,3,1054,48.2057863,-114.3248808,"2"
300290010001,1000,1,1073,48.1960516,-114.3134218,"2"
300290010002,1000,2,967,48.1947441,-114.3193762,"2"
300290011011,1101,1,1396,48.1886369,-114.321477,"2"
300290011012,1101,2,1281,48.1951108,-114.3292959,"2"
300290011021,1102,1,904,48.1917037,-114.3027559,"2"
300290011022,1102,2,697,48.2020745,-114.3019472,"2"
300290011023,1102,3,877,48.1863188,-114.3031556,"2"
300290011024,1102,4,859,48.1844725,-114.309887,"2"
300290012011,1201,1,800,48.1567033,-114.2798337,"2"
300290012012,1201,2,2349,48.1788217,-114.3203916,"2"
300290012021,1202,1,2331,48.1788397,-114.2912311,"2"
300290012022,1202,2,1097,48.1861589,-114.2525544,"2"
300290012023,1202,3,1274,48.2091068,-114.2752866,"2"
300290013031,1303,1,838,48.0733015,-113.9956934,"2"
300290013032,1303,2,1206,48.0851927,-114.0575558,"2"
300290013041,1304,1,712,48.0763696,-114.0863928,"2"
300290013042,1304,2,437,48.0233637,-114.0769668,"2"
300290013043,1304,3,731,48.0784361,-114.1069713,"2"
300290013051,1305,1,600,48.0932627,-113.9559927,"2"
300290013052,1305,2,933,48.1251433,-114.0655067,"2"
300290013061,1306,1,834,48.1740229,-113.9853642,"2"
300290013062,1306,2,1348,48.180382,-114.0884025,"2"
300290013063,1306,3,926,48.1388327,-114.138295,"2"
300290013064,1306,4,949,48.2030798,-114.1830968,"2"
300290014011,1401,1,1740,48.0881798,-114.2191459,"2"
300290014012,1401,2,1311,48.1320576,-114.1908271,"2"
300290014021,1402,1,1193,48.0444805,-114.3014317,"2"
300290014022,1402,2,1120,48.044736,-114.2248607,"2"
300290014023,1402,3,821,47.999212,-114.2278342,"2"
300290017011,1701,1,1839,48.2297171,-114.5037019,"2"
300290017012,1701,2,1132,48.1726207,-114.5572932,"2"
300290017013,1701,3,1651,48.3815367,-114.5043413,"2"
300290017021,1702,1,2180,48.0232851,-114.4245575,"2"
300290017031,1703,1,903,48.1075799,-114.7896729,"2"
300290017032,1703,2,20,47.8447148,-114.5727222,"2"
300290017033,1703,3,1289,47.9995788,-114.9227505,"2"
300310001011,101,1,2075,45.7800732,-111.0721452,"1"
300310001012,101,2,1090,45.7422444,-111.0935108,"1"
300310001013,101,3,1687,45.78232,-111.1523461,"1"
300310001014,101,4,1510,45.8098041,-111.2088919,"1"
300310001041,104,1,998,45.7900437,-111.1807857,"1"
300310001042,104,2,3059,45.7933715,-111.1931083,"1"
300310001051,105,1,1321,45.7718042,-111.1795791,"1"
300310001052,105,2,2106,45.7804398,-111.1751428,"1"
300310001053,105,3,1498,45.7677923,-111.1696343,"1"
300310002011,201,1,1604,45.7764063,-111.2218751,"1"
300310002012,201,2,2737,45.7948638,-111.2378725,"1"
300310002013,201,3,1778,45.7763146,-111.211422,"1"
300310002021,202,1,5898,45.7364318,-111.1818579,"1"
300310003001,300,1,1538,45.9000706,-111.4616341,"1"
300310003002,300,2,823,45.8959727,-111.539937,"1"
300310003003,300,3,1222,45.8946969,-111.5737567,"1"
300310004001,400,1,2283,45.709909,-111.2838248,"1"
300310004002,400,2,990,45.7646417,-111.4064254,"1"
300310004003,400,3,1408,45.8562657,-111.3383596,"1"
300310004004,400,4,1185,45.8697505,-111.3429407,"1"
300310005021,502,1,2604,45.6201531,-111.1087181,"1"
300310005022,502,2,2462,45.7022673,-111.1467196,"1"
300310005023,502,3,1729,45.6097315,-111.0575818,"1"
300310005024,502,4,1452,45.6397538,-111.0085201,"1"
300310005041,504,1,1635,45.7326316,-111.0295808,"1"
300310005042,504,2,1055,45.6792513,-110.9379205,"1"
300310005051,505,1,1653,45.682106,-111.0988447,"1"
300310005052,505,2,2921,45.6759008,-111.1149541,"1"
300310005053,505,3,2176,45.6911723,-111.1108906,"1"
300310005061,506,1,1857,45.6928233,-111.0675836,"1"
300310005062,506,2,2688,45.6932322,-111.0773336,"1"
300310005063,506,3,2168,45.6928419,-111.0928353,"1"
300310005071,507,1,2356,45.7112478,-111.0862425,"1"
300310005072,507,2,2195,45.7099088,-111.0638234,"1"
300310006001,600,1,1013,45.6911699,-111.0307377,"1"
300310006002,600,2,1847,45.6929573,-111.0543799,"1"
300310007011,701,1,852,45.6813838,-111.0227052,"1"
300310007012,701,2,1032,45.6823756,-111.0464086,"1"
300310007013,701,3,605,45.6824717,-111.0567799,"1"
300310007014,701,4,910,45.6824195,-111.0366292,"1"
300310007031,703,1,1266,45.6747908,-111.0885217,"1"
300310007032,703,2,860,45.677011,-111.077248,"1"
300310007041,704,1,1516,45.6820652,-111.0873436,"1"
300310007042,704,2,755,45.6822001,-111.0662813,"1"
300310007043,704,3,2067,45.682083,-111.0756252,"1"
300310008001,800,1,939,45.6759566,-111.034962,"1"
300310008002,800,2,662,45.6772826,-111.0434079,"1"
300310008003,800,3,727,45.6732465,-111.0434628,"1"
300310009001,900,1,1317,45.674401,-111.0519065,"1"
300310009002,900,2,1479,45.675886,-111.058293,"1"
300310009003,900,3,1380,45.6742683,-111.067405,"1"
300310010011,1001,1,1770,45.6513029,-111.0438136,"1"
300310010012,1001,2,1838,45.6453818,-111.0331088,"1"
300310010021,1002,1,1457,45.667938,-111.0338394,"1"
300310010022,1002,2,1122,45.6670462,-111.0154983,"1"
300310010023,1002,3,968,45.6671606,-110.9938252,"1"
300310010024,1002,4,1566,45.6603402,-111.0252201,"1"
300310011011,1101,1,986,45.6693869,-111.0590155,"1"
300310011012,1101,2,692,45.6619415,-111.0580408,"1"
300310011013,1101,3,3857,45.6654619,-111.051073,"1"
300310011021,1102,1,3940,45.6394362,-111.0758127,"1"
300310011022,1102,2,1109,45.6683642,-111.0424419,"1"
300310012001,1200,1,686,45.5957721,-111.1245576,"1"
300310012002,1200,2,888,45.4832455,-111.097982,"1"
300310012003,1200,3,2587,45.6470621,-111.1820119,"1"
300310012004,1200,4,811,45.5927156,-111.2651739,"1"
300310015001,1500,1,701,44.8562942,-111.2162561,"1"
300310015002,1500,2,637,44.6592698,-111.1040053,"1"
300310015003,1500,3,618,44.6674381,-111.1078465,"1"
300310016001,1600,1,752,45.2082259,-111.1286847,"1"
300310016002,1600,2,1565,45.2567104,-111.3482011,"1"
300310016003,1600,3,1079,45.2381905,-111.2874941,"1"
300310017001,1700,1,1333,45.9999245,-111.1889184,"1"
300310017002,1700,2,1238,45.979006,-110.9509796,"1"
300310017003,1700,3,1772,45.6175099,-110.8933239,"1"
300330001001,100,1,1173,47.2671843,-106.9959912,"1"
300359402001,940200,1,2569,48.5691827,-113.0143765,"2"
300359402002,940200,2,1161,48.5433888,-113.0637971,"2"
300359402003,940200,3,743,48.5559452,-113.0140848,"2"
300359402004,940200,4,1197,48.5515228,-113.004604,"2"
300359404001,940400,1,784,48.8113715,-113.3300194,"2"
300359404002,940400,2,679,48.5281196,-113.1505324,"2"
300359404003,940400,3,1009,48.5202261,-112.677692,"2"
300359404004,940400,4,720,48.3696735,-112.9229185,"2"
300359404005,940400,5,1078,48.8145016,-112.7695749,"2"
300359760001,976000,1,583,48.7543083,-112.2752741,"2"
300359760002,976000,2,597,48.6468935,-112.3072924,"2"
300359760003,976000,3,665,48.6329697,-112.3259461,"2"
300359760004,976000,4,1044,48.6340709,-112.3408463,"2"
300359760005,976000,5,893,48.6168924,-112.3223066,"2"
300359800001,980000,1,56,48.748656,-113.5947839,"2"
300370001001,100,1,823,46.3806243,-109.1745855,"1"
300399617011,961701,1,1354,46.5917311,-113.4136144,"2"
300399617021,961702,1,925,46.3432095,-113.292808,"2"
300399617022,961702,2,1030,46.2601466,-113.4317117,"2"
300410401001,40100,1,1342,48.6026574,-110.3900783,"1"
300410402001,40200,1,1858,48.6898671,-109.7810845,"1"
300410403001,40300,1,660,48.5496909,-109.6691854,"1"
300410403002,40300,2,1246,48.5490555,-109.6562001,"1"
300410403003,40300,3,475,48.5666636,-109.6442118,"1"
300410403004,40300,4,1311,48.57267,-109.6868238,"1"
300410404001,40400,1,1646,48.5298537,-109.7240355,"1"
300410404002,40400,2,1115,48.5036814,-109.7062994,"1"
300410404003,40400,3,1051,48.5412791,-109.6916833,"1"
300410404004,40400,4,649,48.5458151,-109.6810317,"1"
300410405001,40500,1,702,48.5451667,-109.6710369,"1"
300410405002,40500,2,840,48.5402045,-109.671857,"1"
300410405003,40500,3,943,48.534898,-109.6671152,"1"
300419403001,940300,1,2471,48.2837756,-109.8000935,"1"
300439622011,962201,1,2609,46.5192973,-112.017615,"2"
300439622012,962201,2,1698,46.4882822,-111.937086,"2"
300439622021,962202,1,1731,46.2808711,-112.301808,"2"
300439622022,962202,2,1147,46.2552534,-111.9259516,"2"
300439622023,962202,3,1437,46.224404,-112.1729772,"2"
300439623001,962300,1,946,45.9740252,-112.0387361,"2"
300439623002,962300,2,1094,45.8430389,-112.2391972,"2"
300439623003,962300,3,806,45.8490797,-112.1254586,"2"
300439623004,962300,4,617,45.8731158,-112.0831667,"2"
300450001001,100,1,967,46.9488207,-110.2857918,"1"
300450001002,100,2,1056,47.2400212,-110.2100389,"1"
300470001001,100,1,868,47.7790387,-113.7045683,"2"
300470001002,100,2,697,47.775827,-113.8738129,"2"
300470002001,200,1,1073,47.9515355,-113.9995063,"2"
300470002002,200,2,677,47.9161369,-114.2508758,"2"
300479403041,940304,1,818,47.790906,-114.017047,"2"
300479403042,940304,2,1114,47.694775,-114.1352964,"2"
300479403051,940305,1,1328,47.6574988,-114.0797183,"2"
300479403052,940305,2,643,47.6677294,-114.0248113,"2"
300479403053,940305,3,1759,47.6792552,-114.1338609,"2"
300479403061,940306,1,1302,47.6488262,-114.4879301,"2"
300479403062,940306,2,1708,47.8167396,-114.3080179,"2"
300479403071,940307,1,781,47.7413809,-114.1646919,"2"
300479403072,940307,2,1223,47.687045,-114.1690294,"2"
300479403073,940307,3,1445,47.7210509,-114.3172822,"2"
300479404001,940400,1,1253,47.5943163,-114.2214287,"2"
300479404002,940400,2,1952,47.6130964,-114.0819317,"2"
300479404003,940400,3,788,47.596848,-113.9925716,"2"
300479405001,940500,1,1508,47.4926606,-114.2297297,"2"
300479405002,940500,2,1212,47.5385242,-114.0838303,"2"
300479405003,940500,3,1319,47.4916492,-113.9622693,"2"
300479405004,940500,4,1287,47.5224867,-114.1138564,"2"
300479406001,940600,1,1071,47.3531404,-114.1228251,"2"
300479406002,940600,2,1137,47.3162293,-114.0930168,"2"
300479406003,940600,3,1042,47.3459322,-113.9375626,"2"
300479406004,940600,4,1071,47.4020678,-114.2171646,"2"
300479407001,940700,1,761,47.2090996,-114.0223956,"2"
300479407002,940700,2,1297,47.1575869,-114.0970734,"2"
300490001001,100,1,957,47.4569123,-112.5537269,"2"
300490001002,100,2,761,46.9401255,-112.5149796,"2"
300490001003,100,3,447,47.1920322,-112.7472898,"2"
300490002001,200,1,1070,46.8188466,-112.3429307,"2"
300490002002,200,2,1344,46.8027434,-112.0860623,"2"
300490002003,200,3,3502,46.7186464,-112.0384213,"2"
300490003001,300,1,643,47.0345632,-112.0413473,"2"
300490003002,300,2,1642,46.7674428,-111.9349239,"2"
300490003003,300,3,741,46.7834362,-111.7505966,"2"
300490004001,400,1,1212,46.6077658,-112.0141081,"2"
300490004002,400,2,1301,46.6294898,-112.0137135,"2"
300490004003,400,3,779,46.6605892,-112.0165368,"2"
300490004004,400,4,1417,46.6715915,-111.9646886,"2"
300490004005,400,5,1640,46.6214575,-111.9741287,"2"
300490005011,501,1,2208,46.69083,-112.0391203,"2"
300490005012,501,2,2207,46.6607456,-112.0374845,"2"
300490005031,503,1,2224,46.6316501,-112.0265892,"2"
300490005032,503,2,2560,46.6280057,-112.0501404,"2"
300490005041,504,1,1937,46.6102906,-112.0302941,"2"
300490005042,504,2,925,46.6122677,-112.0480954,"2"
300490006001,600,1,1489,46.5306899,-112.199398,"2"
300490006002,600,2,1391,46.6718204,-112.1079939,"2"
300490007011,701,1,671,46.5608709,-112.1197719,"2"
300490007012,701,2,1480,46.6017194,-112.0746701,"2"
300490007021,702,1,1088,46.5881395,-112.0598736,"2"
300490007022,702,2,803,46.5972558,-112.0504852,"2"
300490007023,702,3,800,46.5998413,-112.0583067,"2"
300490007024,702,4,1002,46.6045501,-112.0481733,"2"
300490007025,702,5,1350,46.6074613,-112.058394,"2"
300490008001,800,1,1195,46.5464473,-112.085235,"2"
300490008002,800,2,664,46.5936034,-112.0434165,"2"
300490008003,800,3,1258,46.5992875,-112.0375818,"2"
300490008004,800,4,972,46.5885897,-112.0355275,"2"
300490009001,900,1,783,46.5967153,-112.0102965,"2"
300490009002,900,2,865,46.5920562,-112.0078073,"2"
300490009003,900,3,1139,46.5917741,-112.0229273,"2"
300490009004,900,4,1027,46.5966524,-112.0265934,"2"
300490010001,1000,1,801,46.586775,-112.0289257,"2"
300490010002,1000,2,758,46.5770349,-112.0209418,"2"
300490010003,1000,3,1066,46.5602625,-112.03231,"2"
300490010004,1000,4,1363,46.5861368,-112.0153501,"2"
300490011011,1101,1,1331,46.5754818,-111.9831909,"2"
300490011012,1101,2,1740,46.5818789,-111.9598798,"2"
300490011021,1102,1,678,46.5870878,-112.0001182,"2"
300490011022,1102,2,1352,46.580192,-112.0023908,"2"
300490011023,1102,3,1857,46.5732639,-112.0022192,"2"
300490012011,1201,1,616,46.5966978,-111.9463939,"2"
300490012012,1201,2,1274,46.6046325,-111.9249987,"2"
300490012013,1201,3,2572,46.6028524,-111.8187935,"2"
300490012014,1201,4,1684,46.6044546,-111.9061841,"2"
300490012015,1201,5,884,46.5893655,-111.9071444,"2"
300490012021,1202,1,1702,46.6204848,-111.774026,"2"
300490012022,1202,2,1590,46.6315952,-111.9254372,"2"
300490012023,1202,3,2211,46.6830094,-111.8822431,"2"
300510501001,50100,1,787,48.7681086,-111.0339292,"1"
300510501002,50100,2,1172,48.3149663,-111.0244012,"1"
300530001001,100,1,1163,48.1652071,-115.2124746,"2"
300530001002,100,2,961,48.3531937,-115.5184019,"2"
300530001003,100,3,1265,48.1888473,-115.6215672,"2"
300530002001,200,1,707,48.3919506,-115.5612344,"2"
300530002002,200,2,713,48.3910196,-115.5495835,"2"
300530002003,200,3,1064,48.3847149,-115.5556728,"2"
300530003001,300,1,911,48.539682,-115.3565634,"2"
300530003002,300,2,920,48.4017329,-115.5763119,"2"
300530003003,300,3,898,48.3878056,-115.708145,"2"
300530003004,300,4,1170,48.3926712,-115.3896013,"2"
300530004011,401,1,1251,48.6851578,-115.0601151,"2"
300530004012,401,2,719,48.7813332,-114.758611,"2"
300530004013,401,3,539,48.8539989,-115.3079083,"2"
300530004014,401,4,1333,48.9346416,-114.8767028,"2"
300530004021,402,1,1383,48.882331,-115.0511819,"2"
300530004022,402,2,1245,48.9331603,-115.1120359,"2"
300530005001,500,1,978,48.4678436,-115.9214614,"2"
300530005002,500,2,1206,48.318922,-115.8874155,"2"
300530005003,500,3,634,48.8246652,-115.7559295,"2"
300530005004,500,4,617,48.5280035,-115.9047227,"2"
300559540001,954000,1,1056,47.6296277,-105.757222,"1"
300559540002,954000,2,673,47.4361797,-105.5846294,"1"
300570001011,101,1,701,45.4438136,-111.4646348,"1"
300570001012,101,2,1305,45.3817067,-111.8129704,"2"
300570001021,102,1,1949,45.0366318,-111.6193728,"1"
300570002001,200,1,777,45.6289054,-112.3769709,"2"
300570002002,200,2,690,45.5381699,-112.2345253,"2"
300570002003,200,3,1022,45.6453444,-111.8207431,"2"
300570003001,300,1,1307,45.1527734,-112.080163,"2"
300570003002,300,2,872,45.4572276,-112.1846957,"2"
300590001001,100,1,485,46.3568002,-110.9878104,"1"
300590001002,100,2,618,46.7952368,-111.1638042,"1"
300590001003,100,3,824,46.4644864,-110.5439626,"1"
300619645001,964500,1,1337,47.0196393,-114.8911471,"2"
300619645002,964500,2,969,46.909359,-114.6466888,"2"
300619646001,964600,1,937,47.1966285,-114.975912,"2"
300619646002,964600,2,766,47.2904825,-115.055177,"2"
300619646003,964600,3,526,47.3624606,-115.3314658,"2"
300630001001,100,1,1557,46.8963481,-113.9678411,"2"
300630001002,100,2,1297,46.9040002,-113.9983718,"2"
300630001003,100,3,957,46.8740176,-113.9775227,"2"
300630001004,100,4,629,46.8650208,-113.9753851,"2"
300630001005,100,5,1822,46.8849898,-113.9605852,"2"
300630002031,203,1,1469,46.8801557,-113.9962999,"2"
300630002032,203,2,1635,46.8831829,-114.0134283,"2"
300630002033,203,3,1335,46.8775244,-114.0094872,"2"
300630002041,204,1,1473,46.888591,-114.0072279,"2"
300630002042,204,2,1483,46.8890556,-114.0307323,"2"
300630002043,204,3,1014,46.9009284,-114.0284604,"2"
300630002051,205,1,949,46.8921644,-114.0512506,"2"
300630002052,205,2,2909,46.8968108,-114.0672858,"2"
300630002053,205,3,1845,46.8893637,-114.0435769,"2"
300630002054,205,4,1103,46.8791914,-114.0780474,"2"
300630002061,206,1,1353,46.9100238,-114.0476253,"2"
300630002062,206,2,1461,46.8871215,-114.1271565,"2"
300630002063,206,3,2956,46.9166042,-114.0975829,"2"
300630002064,206,4,1154,46.944163,-114.058482,"2"
300630003001,300,1,1251,46.8701864,-113.9887595,"2"
300630003002,300,2,1037,46.8736925,-113.9973258,"2"
300630004001,400,1,1307,46.8724965,-113.9397599,"2"
300630004002,400,2,1171,46.8816472,-113.9432233,"2"
300630004003,400,3,653,46.8488567,-113.9559722,"2"
300630005011,501,1,1401,46.8534727,-113.9876491,"2"
300630005012,501,2,1861,46.8473689,-113.9929854,"2"
300630005021,502,1,1137,46.8635335,-113.993347,"2"
300630005022,502,2,1759,46.8606722,-113.9848742,"2"
300630007001,700,1,968,46.8712938,-114.0106428,"2"
300630007002,700,2,1030,46.8659647,-114.0052422,"2"
300630007003,700,3,972,46.8677615,-114.0142289,"2"
300630008011,801,1,1482,46.86946,-114.0250639,"2"
300630008012,801,2,1404,46.8714574,-114.0368322,"2"
300630008013,801,3,1262,46.8776533,-114.0359438,"2"
300630008021,802,1,1340,46.8633489,-114.0338425,"2"
300630008022,802,2,1589,46.8632454,-114.0233549,"2"
300630009011,901,1,861,46.8632872,-114.051404,"2"
300630009012,901,2,1697,46.865178,-114.0840179,"2"
300630009013,901,3,1310,46.8556016,-114.0658309,"2"
300630009014,901,4,1441,46.8436365,-114.0890336,"2"
300630009015,901,5,794,46.8529021,-114.0448834,"2"
300630009021,902,1,1091,46.8780087,-114.2177173,"2"
300630009022,902,2,1353,46.8266282,-114.4052979,"2"
300630010011,1001,1,1094,46.8514995,-114.0331336,"2"
300630010012,1001,2,1704,46.8566848,-114.0345448,"2"
300630010013,1001,3,1107,46.8448703,-114.0356404,"2"
300630010021,1002,1,1748,46.8503278,-114.0251526,"2"
300630011001,1100,1,785,46.8614942,-114.0012285,"2"
300630011002,1100,2,1448,46.8605018,-114.0134548,"2"
300630011003,1100,3,872,46.8579543,-114.0052653,"2"
300630012001,1200,1,789,46.8543035,-114.0075841,"2"
300630012002,1200,2,1011,46.8507348,-114.0080751,"2"
300630012003,1200,3,1043,46.8454186,-114.0014913,"2"
300630012004,1200,4,1935,46.8442409,-114.01304,"2"
300630013021,1302,1,1982,46.835126,-113.9974536,"2"
300630013022,1302,2,1285,46.8268641,-114.0127564,"2"
300630013023,1302,3,1181,46.8110156,-113.9436227,"2"
300630013024,1302,4,1115,46.8188668,-114.0317983,"2"
300630013025,1302,5,1030,46.8146586,-114.035312,"2"
300630013031,1303,1,1519,46.8369172,-114.028626,"2"
300630013032,1303,2,1333,46.8319755,-114.0286932,"2"
300630013033,1303,3,1246,46.8255373,-114.0310492,"2"
300630013034,1303,4,1067,46.8426993,-114.0225795,"2"
300630013041,1304,1,1083,46.821495,-114.0438764,"2"
300630013042,1304,2,1660,46.8176033,-114.0548916,"2"
300630013043,1304,3,1191,46.8269741,-114.0400771,"2"
300630013044,1304,4,1011,46.8085334,-114.0747332,"2"
300630013045,1304,5,2257,46.8031364,-114.0587901,"2"
300630014011,1401,1,1644,46.9769416,-113.9125281,"2"
300630014012,1401,2,879,46.878679,-113.884838,"2"
300630014013,1401,3,547,46.8789845,-113.8988895,"2"
300630014021,1402,1,1879,46.7343459,-113.8658074,"2"
300630014022,1402,2,1907,46.8018463,-113.6868343,"2"
300630015011,1501,1,2249,46.7778515,-114.0833914,"2"
300630015021,1502,1,933,46.7044623,-114.2354632,"2"
300630015022,1502,2,2220,46.784926,-114.1426958,"2"
300630015023,1502,3,1638,46.7026421,-114.0705606,"2"
300630016011,1601,1,2578,46.961957,-114.1885566,"2"
300630016012,1601,2,2176,47.0271373,-114.1391942,"2"
300630016021,1602,1,1695,47.0695448,-114.2626684,"2"
300630016022,1602,2,1641,47.1517931,-114.5131884,"2"
300630018011,1801,1,709,47.4046081,-113.6838749,"2"
300630018012,1801,2,1040,47.1224748,-113.9107306,"2"
300630018021,1802,1,892,47.2307828,-113.4803074,"2"
300630018022,1802,2,900,46.8408835,-113.5686107,"2"
300630018023,1802,3,455,47.0180332,-113.5159869,"2"
300630018024,1802,4,872,47.1479264,-113.365268,"2"
300650001001,100,1,839,46.6005468,-108.4665395,"1"
300650001002,100,2,895,46.2452727,-108.5902007,"1"
300650001003,100,3,1053,46.4001018,-108.1733751,"1"
300650002001,200,1,837,46.4501279,-108.5739075,"1"
300650002002,200,2,1106,46.4716234,-108.5464204,"1"
300670001001,100,1,601,46.071952,-110.5640905,"1"
300670001002,100,2,1257,45.8357734,-110.4975664,"1"
300670002001,200,1,929,45.6230187,-110.4389643,"1"
300670002002,200,2,865,45.3646612,-110.4547828,"1"
300670002003,200,3,2235,45.671606,-110.6730613,"1"
300670002004,200,4,815,45.4815467,-110.818292,"1"
300670003001,300,1,1474,45.6962339,-110.5322481,"1"
300670003002,300,2,671,45.6622615,-110.5427776,"1"
300670003003,300,3,1213,45.6596536,-110.5534753,"1"
300670004001,400,1,862,45.669357,-110.5638427,"1"
300670004002,400,2,1064,45.6608869,-110.5761036,"1"
300670004003,400,3,1199,45.634823,-110.581913,"1"
300670004004,400,4,856,45.6488245,-110.5669156,"1"
300670004005,400,5,783,45.6540034,-110.5632457,"1"
300670004006,400,6,904,45.6585036,-110.5609048,"1"
300670005001,500,1,720,45.0725684,-110.6975336,"1"
300670005002,500,2,730,45.1044336,-110.5190419,"1"
300679806001,980600,1,13,45.0226823,-110.6170826,"1"
300690001001,100,1,496,47.1419168,-108.2265753,"1"
300710602001,60200,1,1079,48.3603468,-107.8762276,"1"
300710602002,60200,2,997,48.3515462,-107.8715712,"1"
300710602003,60200,3,1240,47.9719801,-108.0675878,"1"
300710602004,60200,4,901,48.7114062,-107.7699538,"1"
300739770001,977000,1,799,48.190853,-111.9457261,"2"
300739770002,977000,2,534,48.1763738,-111.7398873,"2"
300739770003,977000,3,562,48.1195078,-112.0523347,"2"
300739770004,977000,4,778,48.1705831,-111.9566311,"2"
300739770005,977000,5,761,48.1801308,-111.9307072,"2"
300739772001,977200,1,837,48.3891167,-112.4468439,"2"
300739772002,977200,2,1627,48.2767854,-112.5773678,"2"
300750001001,100,1,1019,45.3809271,-105.6340904,"1"
300750001002,100,2,675,45.4496667,-105.4058668,"1"
300770001001,100,1,808,47.0403433,-113.09646,"2"
300770001002,100,2,574,46.6195215,-112.529729,"2"
300770002001,200,1,610,46.4048334,-112.7274871,"2"
300770002002,200,2,805,46.3962055,-112.721784,"2"
300770002003,200,3,776,46.3857077,-112.735204,"2"
300770002004,200,4,953,46.3984907,-112.7463039,"2"
300770002005,200,5,784,46.4514397,-112.7667489,"2"
300770002006,200,6,1636,46.3673044,-112.8186683,"2"
300790001001,100,1,1088,46.8123837,-105.5039937,"1"
300810001001,100,1,1606,46.621283,-114.2353449,"2"
300810001002,100,2,1055,46.6427984,-113.9379753,"2"
300810001003,100,3,1599,46.6308119,-114.0281366,"2"
300810002011,201,1,1270,46.515798,-114.2747326,"2"
300810002012,201,2,1051,46.5105346,-114.0898202,"2"
300810002013,201,3,910,46.5138404,-114.1034581,"2"
300810002014,201,4,695,46.468327,-114.1072721,"2"
300810002031,203,1,2355,46.6021836,-113.9984159,"2"
300810002041,204,1,1845,46.5297175,-113.9128865,"2"
300810002042,204,2,1605,46.4479511,-114.0391734,"2"
300810002043,204,3,2091,46.4753647,-114.0104089,"2"
300810003001,300,1,1351,46.4485393,-114.2648222,"2"
300810003002,300,2,1726,46.420377,-114.3156015,"2"
300810004011,401,1,1751,46.307516,-114.3260611,"2"
300810004012,401,2,963,46.3487604,-114.2066208,"2"
300810004021,402,1,1216,46.3508406,-113.8914988,"2"
300810004022,402,2,2128,46.3298996,-114.1302189,"2"
300810004023,402,3,1097,46.3356686,-114.088376,"2"
300810004024,402,4,1792,46.2728855,-114.0921191,"2"
300810005011,501,1,1378,46.15332,-114.3486873,"2"
300810005021,502,1,1496,46.2386756,-114.1876227,"2"
300810005022,502,2,1422,46.2478293,-114.1586243,"2"
300810005023,502,3,1818,46.2397084,-114.1648467,"2"
300810006011,601,1,1821,46.1432191,-113.9552144,"2"
300810006021,602,1,724,46.2277604,-114.1501283,"2"
300810006022,602,2,774,46.2424698,-114.1476377,"2"
300810006023,602,3,1686,46.1932575,-114.1384344,"2"
300810006024,602,4,1763,46.2677945,-114.1420891,"2"
300810007001,700,1,1183,46.0258529,-114.2374711,"2"
300810007002,700,2,843,46.021291,-114.1764421,"2"
300810008001,800,1,456,45.7174931,-114.2752955,"2"
300810008002,800,2,704,45.884839,-113.889299,"2"
300830701001,70100,1,1772,47.9919607,-104.5974188,"1"
300830702001,70200,1,1820,47.6637481,-104.5644054,"1"
300830703011,70301,1,1536,47.7316623,-104.2308219,"1"
300830703012,70301,2,1891,47.7235403,-104.1733745,"1"
300830703021,70302,1,1269,47.7015509,-104.1839291,"1"
300830703022,70302,2,288,47.6699478,-104.2069489,"1"
300830704001,70400,1,1188,47.7110807,-104.1118055,"1"
300830704002,70400,2,831,47.7123588,-104.1531521,"1"
300830704003,70400,3,896,47.698625,-104.1552018,"1"
300850801001,80100,1,982,48.2582136,-104.2800528,"1"
300850801002,80100,2,956,48.165209,-104.475253,"1"
300859400011,940001,1,720,48.3168109,-105.6286771,"1"
300859400012,940001,2,1063,48.080651,-105.6383725,"1"
300859400013,940001,3,1097,48.0929324,-105.6404289,"1"
300859400014,940001,4,1056,48.10144,-105.6425891,"1"
300859400015,940001,5,581,48.0871959,-105.6418448,"1"
300859400021,940002,1,942,48.0963034,-105.1938607,"1"
300859400022,940002,2,1601,48.3192986,-105.0593261,"1"
300859400023,940002,3,1796,48.0918326,-105.1600201,"1"
300870001001,100,1,842,46.4862156,-106.8780844,"1"
300870001002,100,2,1341,46.2649396,-106.6824501,"1"
300870002001,200,1,637,46.1103539,-106.5652708,"1"
300870002002,200,2,635,45.3916192,-106.3558212,"1"
300870003001,300,1,958,45.8834136,-106.6269974,"1"
300870003002,300,2,1138,45.885562,-106.6386095,"1"
300879404001,940400,1,1949,45.6051641,-106.6331557,"1"
300879404002,940400,2,829,45.5085357,-106.4491601,"1"
300890001001,100,1,1829,47.70424,-115.0006932,"2"
300890001002,100,2,1466,47.4290841,-115.004288,"2"
300890001003,100,3,656,47.4712198,-114.9138088,"2"
300890002011,201,1,1021,48.048009,-115.7219347,"2"
300890002012,201,2,967,48.0004161,-115.9394322,"2"
300890002021,202,1,1630,47.723627,-115.3535688,"2"
300890002022,202,2,784,47.5960304,-115.3485579,"2"
300890002023,202,3,1386,47.7442857,-115.6786323,"2"
300890002024,202,4,686,47.5147357,-115.4528089,"2"
300899403001,940300,1,730,47.3760045,-114.4704481,"2"
300899403002,940300,2,1245,47.7100088,-114.6897868,"2"
300910902001,90200,1,712,48.8035765,-104.59459,"1"
300910902002,90200,2,827,48.9132219,-104.4507001,"1"
300910902003,90200,3,868,48.8057718,-104.755462,"1"
300910904001,90400,1,1132,48.6280271,-104.3292116,"1"
300930001011,101,1,1141,46.0218805,-112.5448663,"2"
300930001012,101,2,720,46.0102219,-112.5257861,"2"
300930001021,102,1,608,46.0000675,-112.5324336,"2"
300930001022,102,2,1113,46.0130212,-112.537013,"2"
300930001023,102,3,655,46.0079093,-112.5359793,"2"
300930001024,102,4,601,46.003723,-112.5336424,"2"
300930002001,200,1,591,46.0148713,-112.5454327,"2"
300930002002,200,2,689,46.0117443,-112.5459521,"2"
300930002003,200,3,806,46.0068647,-112.5448851,"2"
300930002004,200,4,1321,46.0084771,-112.5557569,"2"
300930002005,200,5,1374,46.0145687,-112.5630058,"2"
300930003001,300,1,967,45.996632,-112.5262078,"2"
300930003002,300,2,684,45.9894418,-112.5137384,"2"
300930003003,300,3,686,45.9919498,-112.5219018,"2"
300930004001,400,1,1559,46.000738,-112.49812,"2"
300930004002,400,2,1285,46.0003887,-112.5121666,"2"
300930004003,400,3,1153,45.9955472,-112.4978743,"2"
300930005001,500,1,707,45.9919736,-112.4877145,"2"
300930005002,500,2,1131,45.9861362,-112.4850817,"2"
300930005003,500,3,692,45.9833113,-112.5002954,"2"
300930005004,500,4,697,45.9872484,-112.4974742,"2"
300930005005,500,5,787,45.9917554,-112.4977607,"2"
300930005006,500,6,720,45.9909191,-112.5066873,"2"
300930006001,600,1,740,45.9859344,-112.5209952,"2"
300930006002,600,2,691,45.9785239,-112.5119506,"2"
300930006003,600,3,669,45.9797233,-112.5215126,"2"
300930006004,600,4,883,45.9840089,-112.5334743,"2"
300930006005,600,5,652,45.9652461,-112.5156318,"2"
300930006006,600,6,1092,45.9550305,-112.5327285,"2"
300930007001,700,1,1054,45.9753622,-112.4984954,"2"
300930007002,700,2,1100,45.9762027,-112.4832581,"2"
300930007003,700,3,1493,45.9657968,-112.4832235,"2"
300930008001,800,1,1293,46.0355229,-112.7158566,"2"
300930008002,800,2,853,46.0549364,-112.5158492,"2"
300930008003,800,3,948,45.9932412,-112.5922802,"2"
300930008004,800,4,1729,45.9366211,-112.4536465,"2"
300930008005,800,5,1249,45.8248,-112.6541418,"2"
300959664001,966400,1,1925,45.606971,-109.321181,"1"
300959664002,966400,2,647,45.6286923,-109.240732,"1"
300959664003,966400,3,1385,45.6456204,-109.2632665,"1"
300959665001,966500,1,1000,45.5275933,-109.4557652,"1"
300959665002,966500,2,925,45.3766148,-109.7501973,"1"
300959666001,966600,1,2425,45.651765,-108.9979854,"1"
300959666002,966600,2,656,45.9256581,-109.2138761,"1"
300979670001,967000,1,830,45.9859181,-109.9061697,"1"
300979670002,967000,2,533,45.8312579,-109.934769,"1"
300979670003,967000,3,530,45.8305003,-109.9610621,"1"
300979670004,967000,4,996,45.5386221,-110.0101494,"1"
300979670005,967000,5,789,45.8407934,-109.9301074,"1"
300990001001,100,1,757,47.951626,-112.1096418,"2"
300990001002,100,2,1184,47.8280901,-111.6498769,"2"
300990002001,200,1,627,47.6619694,-111.9119057,"2"
300990002002,200,2,1307,47.59533,-112.0959062,"2"
300990003001,300,1,1016,47.8282654,-112.1379886,"2"
300990003002,300,2,1335,47.75842,-112.7513595,"2"
301010001001,100,1,581,48.7943547,-112.0404269,"2"
301010001002,100,2,554,48.8602408,-111.5874588,"2"
301010002001,200,1,629,48.5179564,-111.8638134,"2"
301010002002,200,2,621,48.5050333,-111.8444445,"2"
301010002003,200,3,592,48.4979638,-111.8632501,"2"
301010002004,200,4,623,48.5078222,-111.8724016,"2"
301010002005,200,5,670,48.4916196,-111.6426222,"2"
301019800001,980000,1,701,48.5029613,-111.8941665,"2"
301039635001,963500,1,762,46.2294408,-107.2857723,"1"
301051001001,100100,1,594,48.7663646,-106.696159,"1"
301051001002,100100,2,1005,48.0263615,-106.9850308,"1"
301051005001,100500,1,953,48.2160569,-106.6639662,"1"
301051005002,100500,2,1096,48.1873274,-106.642495,"1"
301051005003,100500,3,741,48.1983325,-106.6315632,"1"
301059406001,940600,1,994,48.4257328,-106.6475593,"1"
301059406002,940600,2,981,48.3622987,-106.1457388,"1"
301059406003,940600,3,1214,48.1848602,-106.4992076,"1"
301070001001,100,1,1090,46.4112599,-109.6023162,"1"
301070001002,100,2,979,46.495343,-110.0535337,"1"
301090001001,100,1,937,46.9629657,-104.2745184,"1"
301110002001,200,1,1255,45.7969933,-108.5068261,"1"
301110002002,200,2,1430,45.7928699,-108.5087631,"1"
301110002003,200,3,826,45.7939928,-108.4875926,"1"
301110003001,300,1,779,45.7826354,-108.487911,"1"
301110003002,300,2,1092,45.7726883,-108.4987844,"1"
301110003003,300,3,909,45.7760065,-108.5061054,"1"
301110003004,300,4,1052,45.7723044,-108.5147517,"1"
301110004011,401,1,1214,45.7751497,-108.5227649,"1"
301110004012,401,2,1548,45.7810774,-108.5216083,"1"
301110004021,402,1,658,45.7925898,-108.5219516,"1"
301110004022,402,2,1275,45.7874684,-108.5189308,"1"
301110004023,402,3,1263,45.7829067,-108.5081414,"1"
301110005001,500,1,1241,45.7922945,-108.5398779,"1"
301110005002,500,2,1034,45.7884426,-108.5344346,"1"
301110005003,500,3,1275,45.7869996,-108.5474195,"1"
301110005004,500,4,783,45.7854887,-108.5343803,"1"
301110006001,600,1,1083,45.7987843,-108.5527557,"1"
301110006002,600,2,1226,45.7966993,-108.5310129,"1"
301110006003,600,3,748,45.7996347,-108.5369662,"1"
301110007011,701,1,2533,45.8351767,-108.4971998,"1"
301110007012,701,2,1597,45.8365289,-108.482755,"1"
301110007013,701,3,1329,45.8393718,-108.4733895,"1"
301110007041,704,1,1034,45.8117798,-108.5006011,"1"
301110007042,704,2,1429,45.8089509,-108.4856115,"1"
301110007043,704,3,1408,45.8089874,-108.5307294,"1"
301110007051,705,1,1177,45.8240867,-108.4925977,"1"
301110007052,705,2,1436,45.8231775,-108.5014439,"1"
301110007053,705,3,1247,45.8165304,-108.4933196,"1"
301110007061,706,1,1011,45.8089956,-108.4696698,"1"
301110007062,706,2,944,45.8191295,-108.4861205,"1"
301110007063,706,3,1140,45.8215593,-108.4712951,"1"
301110007064,706,4,1978,45.8211356,-108.480724,"1"
301110007071,707,1,1343,45.837947,-108.4605962,"1"
301110007072,707,2,1764,45.8399078,-108.4460645,"1"
301110007073,707,3,630,45.828793,-108.4477404,"1"
301110007074,707,4,2180,45.8213688,-108.4612572,"1"
301110007081,708,1,2487,45.8264175,-108.4418487,"1"
301110008001,800,1,1115,45.8286793,-108.4169538,"1"
301110008002,800,2,1600,45.8014404,-108.4231804,"1"
301110008003,800,3,1703,45.8260034,-108.3971785,"1"
301110009011,901,1,978,45.7564945,-108.5300642,"1"
301110009012,901,2,1047,45.7617045,-108.5357535,"1"
301110009013,901,3,2731,45.7469925,-108.5314975,"1"
301110009021,902,1,1378,45.7624705,-108.4979809,"1"
301110009022,902,2,1157,45.7669028,-108.5184218,"1"
301110009023,902,3,1123,45.7621849,-108.5176395,"1"
301110009024,902,4,1757,45.7562887,-108.5169248,"1"
301110010001,1000,1,1333,45.7745862,-108.5344017,"1"
301110010002,1000,2,820,45.7683718,-108.5378342,"1"
301110010003,1000,3,807,45.7669463,-108.5484532,"1"
301110010004,1000,4,776,45.7716832,-108.5484202,"1"
301110010005,1000,5,815,45.7751556,-108.5470118,"1"
301110011001,1100,1,1476,45.780539,-108.5331974,"1"
301110011002,1100,2,1475,45.7805228,-108.5461363,"1"
301110011003,1100,3,1102,45.7804949,-108.5590093,"1"
301110011004,1100,4,1384,45.7804971,-108.5702405,"1"
301110012001,1200,1,1447,45.7892084,-108.5574733,"1"
301110012002,1200,2,1499,45.7894351,-108.5668703,"1"
301110013001,1300,1,1513,45.7991263,-108.5671168,"1"
301110013002,1300,2,1072,45.7978048,-108.5811399,"1"
301110013003,1300,3,1300,45.7916405,-108.574423,"1"
301110013004,1300,4,1378,45.7886615,-108.5841348,"1"
301110013005,1300,5,1219,45.8003362,-108.5920005,"1"
301110014021,1402,1,1387,45.8660665,-108.4554669,"1"
301110014022,1402,2,1565,46.0227198,-108.6656105,"1"
301110014023,1402,3,1039,45.8314361,-108.6018028,"1"
301110014024,1402,4,2900,45.867269,-108.5881981,"1"
301110014031,1403,1,1152,45.6456296,-108.8586068,"1"
301110014032,1403,2,3903,45.7692145,-108.813091,"1"
301110014033,1403,3,2454,45.7146811,-108.7044247,"1"
301110014041,1404,1,3569,45.7696232,-108.6383349,"1"
301110014042,1404,2,1973,45.7514633,-108.6641253,"1"
301110014043,1404,3,1533,45.7148061,-108.6120783,"1"
301110014044,1404,4,1606,45.7246012,-108.6539442,"1"
301110015011,1501,1,2202,45.8891723,-108.3916928,"1"
301110015012,1501,2,997,45.9668443,-108.3499887,"1"
301110015013,1501,3,1526,45.9330636,-108.3326361,"1"
301110015021,1502,1,1318,46.1539752,-107.9904768,"1"
301110015022,1502,2,1264,45.864795,-108.2107989,"1"
301110015023,1502,3,1759,45.963204,-108.1799497,"1"
301110017021,1702,1,1263,45.7733907,-108.5703267,"1"
301110017022,1702,2,927,45.7737364,-108.5596017,"1"
301110017023,1702,3,869,45.761619,-108.5608435,"1"
301110017024,1702,4,1293,45.7661474,-108.5705613,"1"
301110017031,1703,1,1543,45.7659588,-108.6071771,"1"
301110017032,1703,2,1887,45.7586752,-108.6020149,"1"
301110017033,1703,3,1941,45.758703,-108.6123518,"1"
301110017041,1704,1,1169,45.7451867,-108.5982326,"1"
301110017042,1704,2,1165,45.7621814,-108.5815303,"1"
301110017043,1704,3,657,45.7589155,-108.5920396,"1"
301110017044,1704,4,1728,45.7660283,-108.5916729,"1"
301110018011,1801,1,2291,45.8117404,-108.662441,"1"
301110018012,1801,2,3674,45.7913978,-108.6455821,"1"
301110018013,1801,3,1348,45.8014088,-108.6218634,"1"
301110018031,1803,1,776,45.7805263,-108.6015695,"1"
301110018032,1803,2,1291,45.7793345,-108.5811984,"1"
301110018041,1804,1,1302,45.7732118,-108.6072793,"1"
301110018042,1804,2,1167,45.7732508,-108.5919136,"1"
301110018043,1804,3,690,45.7725359,-108.5815635,"1"
301110018051,1805,1,2027,45.7894315,-108.6092434,"1"
301110018052,1805,2,1507,45.7984328,-108.6102829,"1"
301110018061,1806,1,1015,45.7879393,-108.5950488,"1"
301110018062,1806,2,1639,45.7949238,-108.5963549,"1"
301110019011,1901,1,2141,45.6845692,-108.7867301,"1"
301110019012,1901,2,783,45.667947,-108.7865099,"1"
301110019013,1901,3,1230,45.6737255,-108.7884211,"1"
301110019014,1901,4,766,45.6640439,-108.7782519,"1"
301110019021,1902,1,1391,45.6880913,-108.738919,"1"
301110019022,1902,2,1501,45.681912,-108.7634497,"1"
301110019023,1902,3,1493,45.6749353,-108.7438791,"1"
301119400011,940001,1,1691,45.6071078,-108.3415172,"1"
301119400012,940001,2,2144,45.5880706,-108.6474172,"1"
301119400013,940001,3,1290,45.731606,-108.4784727,"1"
301119400021,940002,1,2314,45.8165818,-108.3740869,"1"
301119400022,940002,2,1308,45.7334371,-108.1585613,"1"
