"GEOCODE","TRACT","BLKGRP","POP100","INTPTLAT","INTPTLON","CLUSTER"
310019654001,965400,1,1505,40.6589823,-98.3654445,"2"
310019654002,965400,2,1391,40.6342432,-98.6149964,"2"
310019654003,965400,3,1638,40.6009459,-98.4896833,"2"
310019655001,965500,1,1520,40.6154654,-98.4092742,"2"
310019655002,965500,2,880,40.5970574,-98.387831,"2"
310019655003,965500,3,1024,40.5977447,-98.3965782,"2"
310019655004,965500,4,914,40.5926323,-98.3983537,"2"
310019656001,965600,1,874,40.6092642,-98.3589775,"2"
310019656002,965600,2,1657,40.5929855,-98.3582642,"2"
310019656003,965600,3,1502,40.5874475,-98.3558143,"2"
310019656004,965600,4,1466,40.5887086,-98.3789437,"2"
310019657001,965700,1,703,40.5868341,-98.3892208,"2"
310019657002,965700,2,581,40.5916178,-98.3892735,"2"
310019658001,965800,1,749,40.5884465,-98.4007065,"2"
310019658002,965800,2,755,40.585062,-98.4046952,"2"
310019658003,965800,3,864,40.5870396,-98.4152863,"2"
310019659001,965900,1,1219,40.6074774,-98.4355447,"2"
310019659002,965900,2,1101,40.5933798,-98.4064134,"2"
310019659003,965900,3,958,40.5935135,-98.4158472,"2"
310019659004,965900,4,1163,40.5884568,-98.4421406,"2"
310019660001,966000,1,865,40.5805167,-98.4010326,"2"
310019660002,966000,2,924,40.5779027,-98.3872497,"2"
310019660003,966000,3,1495,40.5563181,-98.370985,"2"
310019660004,966000,4,1358,40.5611415,-98.4293413,"2"
310019661001,966100,1,1198,40.5778726,-98.3745324,"2"
310019661002,966100,2,656,40.5628416,-98.3424011,"2"
310019662001,966200,1,796,40.4018709,-98.5431223,"2"
310019662002,966200,2,1449,40.4884367,-98.4868644,"2"
310039796001,979600,1,588,42.1978629,-98.0192003,"2"
310039796002,979600,2,557,42.3571111,-97.9414621,"2"
310039796003,979600,3,878,42.3566836,-98.1555061,"2"
310039797001,979700,1,716,42.1259887,-98.0077784,"2"
310039797002,979700,2,967,42.1341662,-98.0382691,"2"
310039798001,979800,1,657,42.0960684,-98.1934257,"2"
310039798002,979800,2,1005,41.9641659,-98.1618107,"2"
310039798003,979800,3,927,41.996784,-97.9402238,"2"
310059583001,958300,1,434,41.5719297,-101.6959166,"2"
310079540001,954000,1,674,41.5397495,-103.7262626,"2"
310099724001,972400,1,431,41.931945,-99.9964074,"2"
310119601001,960100,1,805,41.7443597,-98.0436009,"2"
310119601002,960100,2,679,41.8300878,-98.1950167,"2"
310119601003,960100,3,571,41.5791845,-98.0174926,"2"
310119601004,960100,4,616,41.5898041,-98.1938687,"2"
310119601005,960100,5,777,41.5587768,-97.876388,"2"
310119602001,960200,1,1098,41.693256,-98.0266008,"2"
310119602002,960200,2,833,41.663438,-98.0250448,"2"
310139511001,951100,1,1384,42.3409165,-103.1230508,"2"
310139511002,951100,2,833,42.1378993,-103.1120886,"2"
310139512001,951200,1,781,42.1075626,-102.8895763,"2"
310139512002,951200,2,1048,42.1317286,-102.89482,"2"
310139512003,951200,3,1049,42.1278761,-102.8668407,"2"
310139512004,951200,4,983,42.108606,-102.8672899,"2"
310139512005,951200,5,875,42.140126,-102.766178,"2"
310139513001,951300,1,1114,42.0980877,-102.8743325,"2"
310139513002,951300,2,554,42.0807409,-102.8892514,"2"
310139513003,951300,3,710,42.0489458,-102.8043106,"2"
310139513004,951300,4,1511,42.101772,-102.8664168,"2"
310159758001,975800,1,1082,42.889868,-98.5595244,"2"
310159758002,975800,2,728,42.9324308,-99.052511,"2"
310179750001,975000,1,1533,42.6780084,-99.9291608,"2"
310179750002,975000,2,1370,42.3595618,-99.9239198,"2"
310199689001,968900,1,839,40.9343776,-98.8966011,"2"
310199689002,968900,2,750,41.0398903,-98.902293,"2"
310199689003,968900,3,771,41.0170384,-98.9068656,"2"
310199689004,968900,4,1402,40.9653351,-99.2128201,"2"
310199690001,969000,1,1461,40.8081076,-99.1292287,"2"
310199690002,969000,2,639,40.8200985,-99.3048658,"2"
310199690003,969000,3,1227,40.7245434,-99.3871607,"2"
310199690004,969000,4,1395,40.7173514,-99.2582513,"2"
310199691001,969100,1,1048,40.8144776,-98.9055068,"2"
310199691002,969100,2,670,40.7091378,-98.8649796,"2"
310199691003,969100,3,1093,40.7788725,-98.7408153,"2"
310199691004,969100,4,1974,40.7498381,-98.8455678,"2"
310199692021,969202,1,2395,40.7065619,-99.1062518,"2"
310199692022,969202,2,1013,40.7093744,-99.0911513,"2"
310199692031,969203,1,3977,40.7385945,-99.0317884,"2"
310199692032,969203,2,1218,40.7211212,-99.0695858,"2"
310199692033,969203,3,1512,40.7218202,-99.0797849,"2"
310199692041,969204,1,2872,40.7393585,-99.0933917,"2"
310199692042,969204,2,1859,40.7396199,-99.1123928,"2"
310199692043,969204,3,1321,40.7073675,-99.145596,"2"
310199693001,969300,1,795,40.7056522,-99.0227593,"2"
310199693002,969300,2,1553,40.7090255,-99.0582495,"2"
310199694001,969400,1,1035,40.7103835,-99.0681403,"2"
310199694002,969400,2,727,40.6996914,-99.0725778,"2"
310199694003,969400,3,1159,40.7100807,-99.0777393,"2"
310199694004,969400,4,1072,40.7045167,-99.0707924,"2"
310199695001,969500,1,716,40.7020123,-99.0802477,"2"
310199695002,969500,2,690,40.702086,-99.0857107,"2"
310199695003,969500,3,816,40.6939915,-99.0831654,"2"
310199696001,969600,1,1097,40.7026987,-99.0935941,"2"
310199696002,969600,2,1412,40.6995916,-99.0950936,"2"
310199696003,969600,3,728,40.6959459,-99.0954052,"2"
310199696004,969600,4,2223,40.6972541,-99.1117107,"2"
310199697001,969700,1,656,40.6920528,-99.0301475,"2"
310199697002,969700,2,1582,40.6876103,-99.0769977,"2"
310199697003,969700,3,2105,40.6893779,-99.0960447,"2"
310199697004,969700,4,2282,40.672953,-99.08682,"2"
310219632001,963200,1,825,41.7937633,-96.4350555,"3"
310219632002,963200,2,1397,41.8373623,-96.4510805,"3"
310219633001,963300,1,1520,41.839447,-96.2190428,"3"
310219633002,963300,2,1032,41.734349,-96.2174529,"3"
310219634001,963400,1,1077,41.9522559,-96.3567917,"3"
310219634002,963400,2,871,41.9471131,-96.4527559,"3"
310239676001,967600,1,1097,41.3283394,-96.9943728,"2"
310239676002,967600,2,1245,41.3480861,-97.2489915,"2"
310239676003,967600,3,868,41.2577156,-97.2672525,"2"
310239677001,967700,1,1847,41.2521572,-97.0905576,"2"
310239677002,967700,2,1319,41.2520079,-97.1471208,"2"
310239678001,967800,1,1118,41.1258347,-96.9951887,"2"
310239678002,967800,2,875,41.1264289,-97.2252,"2"
310259656001,965600,1,1296,40.9878963,-95.9254723,"1"
310259656002,965600,2,763,41.0269778,-95.9047554,"3"
310259656003,965600,3,953,41.0314737,-95.887696,"3"
310259656004,965600,4,758,41.0116075,-95.8876964,"3"
310259657001,965700,1,2420,41.0294344,-96.0273203,"1"
310259657002,965700,2,1177,40.9556908,-96.07088,"1"
310259657003,965700,3,1960,41.0013724,-96.1589886,"1"
310259658001,965800,1,1252,40.9034287,-96.3427992,"1"
310259658002,965800,2,995,40.9919335,-96.2846004,"1"
310259658003,965800,3,949,40.9768115,-96.3997549,"1"
310259659001,965900,1,625,40.8401969,-96.1115472,"1"
310259659002,965900,2,1179,40.8816879,-96.1678627,"1"
310259659003,965900,3,1062,40.8338468,-96.283532,"1"
310259659004,965900,4,2136,40.8056154,-96.3981225,"1"
310259660001,966000,1,644,40.8931657,-95.9734771,"1"
310259660002,966000,2,2129,40.8970779,-95.8574553,"1"
310259660003,966000,3,1071,40.8264011,-95.9497134,"1"
310259660004,966000,4,674,40.9241098,-95.9044358,"1"
310259661001,966100,1,1471,40.9624029,-95.8683352,"3"
310259661002,966100,2,1538,40.9891238,-95.9027405,"3"
310259661003,966100,3,775,41.0056671,-95.8954682,"3"
310259661004,966100,4,771,41.004627,-95.8875265,"3"
310279771001,977100,1,1217,42.7081653,-97.1479547,"2"
310279771002,977100,2,767,42.599772,-97.2961354,"2"
310279771003,977100,3,639,42.7728464,-97.4167711,"2"
310279771004,977100,4,852,42.7212443,-97.3523291,"2"
310279771005,977100,5,983,42.635711,-97.3008225,"2"
310279772001,977200,1,888,42.4751578,-97.1389007,"2"
310279772002,977200,2,1046,42.4376647,-97.0907391,"2"
310279772003,977200,3,930,42.5204413,-97.3580771,"2"
310279772004,977200,4,1058,42.416952,-97.3187056,"2"
310299619001,961900,1,600,40.6195618,-101.717632,"2"
310299619002,961900,2,969,40.5058294,-101.6389191,"2"
310299619003,961900,3,1122,40.4048044,-101.5757728,"2"
310299619004,961900,4,1202,40.5377071,-101.6097326,"2"
310319558001,955800,1,842,42.8946469,-100.5963291,"2"
310319558002,955800,2,774,42.9015327,-100.5571788,"2"
310319558003,955800,3,1096,42.8762491,-100.5052286,"2"
310319558004,955800,4,754,42.8755152,-100.5521423,"2"
310319558005,955800,5,647,42.9136067,-101.5161515,"2"
310319559001,955900,1,703,42.6478994,-101.1130005,"2"
310319559002,955900,2,639,42.3130502,-101.1119034,"2"
310339548001,954800,1,1333,41.1094062,-102.8216073,"2"
310339548002,954800,2,1675,41.3031253,-103.1370603,"2"
310339549001,954900,1,619,41.1535169,-102.9996344,"2"
310339549002,954900,2,671,41.1401832,-102.9931964,"2"
310339549003,954900,3,1109,41.1385907,-102.982752,"2"
310339549004,954900,4,1315,41.1290229,-103.0044852,"2"
310339550001,955000,1,1151,41.1529831,-102.9633158,"2"
310339550002,955000,2,1595,41.1240046,-102.9603485,"2"
310359621001,962100,1,610,40.6188082,-97.9903708,"2"
310359621002,962100,2,1284,40.6333517,-98.1933851,"2"
310359621003,962100,3,963,40.6323777,-97.870336,"2"
310359621004,962100,4,607,40.58614,-97.8761156,"2"
310359622001,962200,1,792,40.5072246,-98.036865,"2"
310359622002,962200,2,1116,40.4579282,-98.1773192,"2"
310359622003,962200,3,732,40.4298498,-97.9276936,"2"
310379646001,964600,1,820,41.6972019,-96.9919453,"2"
310379646002,964600,2,743,41.7021588,-97.1042502,"2"
310379646003,964600,3,649,41.701659,-97.1917902,"2"
310379647001,964700,1,937,41.5744676,-97.0609611,"2"
310379647002,964700,2,592,41.4564885,-97.1657628,"2"
310379648001,964800,1,1473,41.4421778,-97.0163275,"2"
310379648002,964800,2,1272,41.4199382,-97.0878838,"2"
310379648003,964800,3,1172,41.475099,-97.0490419,"2"
310379648004,964800,4,1745,41.4726367,-97.0694992,"2"
310379648005,964800,5,1179,41.4484697,-97.0578041,"2"
310399727001,972700,1,1590,41.9884249,-96.984375,"2"
310399727002,972700,2,961,41.824927,-96.8730177,"2"
310399728001,972800,1,1165,41.8219462,-96.639495,"3"
310399728002,972800,2,968,41.834713,-96.7199393,"1"
310399728003,972800,3,1213,41.8076693,-96.6809297,"1"
310399728004,972800,4,1003,41.8389615,-96.7089487,"1"
310399729001,972900,1,938,42.0398165,-96.7199686,"3"
310399729002,972900,2,1175,41.9526985,-96.7000405,"3"
310419717001,971700,1,578,41.6957802,-99.5855768,"2"
310419717002,971700,2,896,41.5183137,-99.6237417,"2"
310419717003,971700,3,1043,41.4515857,-99.3405184,"2"
310419718001,971800,1,992,41.5235512,-100.0685573,"2"
310419718002,971800,2,975,41.3507316,-99.8095493,"2"
310419718003,971800,3,800,41.1819301,-99.935054,"2"
310419719001,971900,1,1173,41.4149831,-99.6327732,"2"
310419719002,971900,2,684,41.4123639,-99.660385,"2"
310419719003,971900,3,938,41.3817788,-99.660865,"2"
310419719004,971900,4,1079,41.3921579,-99.614873,"2"
310419720001,972000,1,709,41.2045498,-99.4537365,"2"
310419720002,972000,2,678,41.2363862,-99.3884204,"2"
310430101011,10101,1,1823,42.4759671,-96.4085539,"3"
310430101012,10101,2,2278,42.4721153,-96.4201633,"3"
310430101021,10102,1,464,42.4832067,-96.4085734,"3"
310430101022,10102,2,1708,42.4769106,-96.3983257,"3"
310430101023,10102,3,775,42.4851158,-96.4183838,"3"
310430102001,10200,1,1090,42.4711689,-96.4116399,"3"
310430102002,10200,2,1538,42.465395,-96.4099526,"3"
310430102003,10200,3,1665,42.4544038,-96.421047,"3"
310430102004,10200,4,2577,42.4547709,-96.3916335,"3"
310430103001,10300,1,1724,42.4688181,-96.4692559,"3"
310430103002,10300,2,1064,42.3956495,-96.4272763,"3"
310430103003,10300,3,1720,42.4400542,-96.4167159,"3"
310430104001,10400,1,1663,42.4298781,-96.5897163,"3"
310430104002,10400,2,1493,42.3015629,-96.5535216,"3"
310459506001,950600,1,943,42.8603028,-103.1927215,"2"
310459506002,950600,2,866,42.6921896,-103.4453363,"2"
310459506003,950600,3,825,42.5890042,-103.1523498,"2"
310459507001,950700,1,1010,42.8248234,-102.9937771,"2"
310459507002,950700,2,1324,42.7834129,-102.9998157,"2"
310459507003,950700,3,681,42.8405083,-103.0026141,"2"
310459507004,950700,4,949,42.8333038,-103.037353,"2"
310459507005,950700,5,1601,42.8253234,-103.0081195,"2"
310479680001,968000,1,793,40.952916,-99.6324145,"2"
310479680002,968000,2,715,40.7547404,-99.6288178,"2"
310479680003,968000,3,1006,40.7726892,-99.49675,"2"
310479681001,968100,1,731,40.9687155,-100.0048498,"2"
310479681002,968100,2,645,40.8231233,-99.8298824,"2"
310479682001,968200,1,1414,40.9468545,-100.1516033,"2"
310479682002,968200,2,877,40.9339023,-100.1641044,"2"
310479682003,968200,3,639,40.935038,-100.1542495,"2"
310479682004,968200,4,773,40.9313545,-100.1851996,"2"
310479683001,968300,1,1548,40.8758026,-99.9846689,"2"
310479683002,968300,2,918,40.8649877,-99.9861684,"2"
310479683003,968300,3,896,40.855319,-99.969079,"2"
310479683004,968300,4,722,40.8565608,-99.996587,"2"
310479684001,968400,1,1408,40.7938441,-99.758456,"2"
310479684002,968400,2,1198,40.7903518,-99.7750472,"2"
310479684003,968400,3,2830,40.7582636,-99.7457631,"2"
310479685001,968500,1,1130,40.7941977,-99.7281423,"2"
310479685002,968500,2,837,40.7902618,-99.7450592,"2"
310479685003,968500,3,812,40.7843219,-99.7451681,"2"
310479685004,968500,4,1223,40.7788635,-99.7224596,"2"
310479685005,968500,5,1547,40.7783544,-99.7389699,"2"
310479686001,968600,1,638,40.7437518,-99.8052115,"2"
310479686002,968600,2,811,40.7932841,-100.0774184,"2"
310499554001,955400,1,1080,41.1119595,-102.5065028,"2"
310499554002,955400,2,758,41.1125424,-102.2366236,"2"
310519776001,977600,1,1224,42.5919344,-96.7373394,"3"
310519776002,977600,2,1166,42.5891624,-96.8907551,"2"
310519778001,977800,1,1228,42.387349,-96.8133934,"2"
310519778002,977800,2,581,42.3545219,-96.9555767,"2"
310519778003,977800,3,148,42.2709211,-96.7749042,"2"
310519778004,977800,4,1259,42.287111,-96.8669487,"2"
310539636001,963600,1,793,41.6913377,-96.5536308,"1"
310539636002,963600,2,826,41.5496219,-96.5252131,"1"
310539636003,963600,3,1213,41.7017589,-96.8017348,"2"
310539636004,963600,4,885,41.6673673,-96.6723215,"1"
310539636005,963600,5,1021,41.6350942,-96.5716816,"1"
310539637001,963700,1,1087,41.5609886,-96.7661964,"1"
310539637002,963700,2,862,41.4601304,-96.8171508,"1"
310539637003,963700,3,650,41.4762367,-96.7418469,"1"
310539638001,963800,1,1495,41.4181785,-96.3934175,"1"
310539638002,963800,2,1675,41.4585451,-96.476763,"1"
310539638003,963800,3,2128,41.4596248,-96.5222414,"1"
310539639001,963900,1,1540,41.4471482,-96.5174588,"1"
310539639002,963900,2,1115,41.4484627,-96.502605,"1"
310539639003,963900,3,1189,41.4422653,-96.5027333,"1"
310539640001,964000,1,719,41.4478093,-96.4867988,"1"
310539640002,964000,2,683,41.4411271,-96.4869054,"1"
310539640003,964000,3,1010,41.447778,-96.4938,"1"
310539640004,964000,4,1013,41.441358,-96.4941295,"1"
310539641001,964100,1,2847,41.4400511,-96.4655289,"1"
310539641002,964100,2,1014,41.4458966,-96.4564442,"1"
310539641003,964100,3,1078,41.4476894,-96.4780528,"1"
310539642001,964200,1,725,41.4376389,-96.505073,"1"
310539642002,964200,2,745,41.4336683,-96.5043029,"1"
310539642003,964200,3,675,41.4336842,-96.4958351,"1"
310539642004,964200,4,1177,41.4352363,-96.487745,"1"
310539642005,964200,5,832,41.4286106,-96.4875357,"1"
310539643001,964300,1,2026,41.4149277,-96.453693,"1"
310539643002,964300,2,963,41.4340294,-96.4691443,"1"
310539643003,964300,3,894,41.4369952,-96.4786154,"1"
310539643004,964300,4,1077,41.4303198,-96.4794367,"1"
310539644001,964400,1,2500,41.4244565,-96.5325264,"1"
310539644002,964400,2,710,41.4246108,-96.494947,"1"
310550002001,200,1,1177,41.3224766,-95.9516873,"3"
310550002002,200,2,1107,41.3191745,-95.9509133,"3"
310550002003,200,3,1343,41.3383227,-95.9568067,"3"
310550003001,300,1,1272,41.3086464,-95.9512181,"3"
310550003002,300,2,1246,41.3143618,-95.9482478,"3"
310550004001,400,1,1116,41.3149839,-95.9362601,"3"
310550004002,400,2,733,41.3034501,-95.9363315,"3"
310550005001,500,1,1460,41.3024254,-95.8927625,"3"
310550005002,500,2,1951,41.2746769,-95.9275068,"3"
310550006001,600,1,791,41.3023817,-95.9465993,"3"
310550006002,600,2,670,41.3037922,-95.9529941,"3"
310550007001,700,1,1214,41.2943881,-95.9517618,"3"
310550008001,800,1,1184,41.2949592,-95.9433504,"3"
310550008002,800,2,991,41.2928309,-95.9365487,"3"
310550011001,1100,1,1253,41.2722233,-95.9518016,"3"
310550011002,1100,2,1471,41.2828455,-95.9517873,"3"
310550012001,1200,1,1199,41.2856594,-95.9413404,"3"
310550012002,1200,2,754,41.2784986,-95.9446448,"3"
310550012003,1200,3,1964,41.273627,-95.9408201,"3"
310550016001,1600,1,2361,41.2638439,-95.9517861,"3"
310550016002,1600,2,1439,41.2636455,-95.9405095,"3"
310550018001,1800,1,632,41.2512579,-95.9312746,"3"
310550018002,1800,2,1058,41.254655,-95.9271717,"3"
310550018003,1800,3,2224,41.2549723,-95.9365288,"3"
310550018004,1800,4,1295,41.2519825,-95.9399531,"3"
310550019001,1900,1,1089,41.2566886,-95.944709,"3"
310550019002,1900,2,799,41.2511118,-95.9444407,"3"
310550020001,2000,1,995,41.2419915,-95.9414563,"3"
310550020002,2000,2,1202,41.2322921,-95.9484698,"3"
310550020003,2000,3,1450,41.2357751,-95.9409173,"3"
310550021001,2100,1,912,41.2458184,-95.9338382,"3"
310550021002,2100,2,1475,41.2398929,-95.9340372,"3"
310550022001,2200,1,629,41.2452143,-95.920868,"3"
310550022002,2200,2,568,41.2460851,-95.9285295,"3"
310550023001,2300,1,895,41.2378503,-95.9199785,"3"
310550023002,2300,2,1440,41.2392134,-95.9271464,"3"
310550024001,2400,1,1182,41.2331611,-95.9349092,"3"
310550024002,2400,2,1081,41.2293132,-95.9445531,"3"
310550024003,2400,3,953,41.2303904,-95.9398201,"3"
310550024004,2400,4,712,41.2331321,-95.9290553,"3"
310550025001,2500,1,871,41.2262541,-95.9257959,"3"
310550025002,2500,2,864,41.2232052,-95.9359642,"3"
310550025003,2500,3,949,41.2233986,-95.9427984,"3"
310550026001,2600,1,1428,41.2159733,-95.944413,"3"
310550026002,2600,2,1005,41.2160772,-95.9380147,"3"
310550027001,2700,1,824,41.2086574,-95.9442959,"3"
310550027002,2700,2,874,41.2063953,-95.9375251,"3"
310550027003,2700,3,969,41.207564,-95.9329286,"3"
310550028001,2800,1,1206,41.2024511,-95.9420303,"3"
310550028002,2800,2,1276,41.1991471,-95.9385141,"3"
310550028003,2800,3,1248,41.194132,-95.932156,"3"
310550029001,2900,1,1717,41.201583,-95.9632694,"3"
310550029002,2900,2,1114,41.195545,-95.9554721,"3"
310550029003,2900,3,1289,41.1968547,-95.9475362,"3"
310550029004,2900,4,1462,41.2026896,-95.9562416,"3"
310550030001,3000,1,1157,41.2035972,-95.972162,"3"
310550030002,3000,2,1017,41.1999658,-95.9721835,"3"
310550030003,3000,3,1035,41.196297,-95.972198,"3"
310550030004,3000,4,1385,41.1926401,-95.974644,"3"
310550030005,3000,5,1006,41.1962066,-95.9627499,"3"
310550030006,3000,6,1142,41.1926953,-95.9625565,"3"
310550030007,3000,7,914,41.2078933,-95.9705769,"3"
310550031001,3100,1,1002,41.2232089,-95.9651917,"3"
310550031002,3100,2,942,41.2170407,-95.973002,"3"
310550031003,3100,3,921,41.2110234,-95.9736187,"3"
310550031004,3100,4,1263,41.2123992,-95.9609651,"3"
310550032001,3200,1,1146,41.2213128,-95.9521027,"3"
310550032002,3200,2,1421,41.2127688,-95.9497384,"3"
310550033001,3300,1,1242,41.245847,-95.9509808,"3"
310550033002,3300,2,1114,41.2398902,-95.949054,"3"
310550034011,3401,1,1039,41.2381354,-95.9716855,"3"
310550034012,3401,2,784,41.2337388,-95.9714179,"3"
310550034013,3401,3,783,41.2303482,-95.9726349,"3"
310550034014,3401,4,1204,41.2283274,-95.9688434,"3"
310550034021,3402,1,889,41.2376417,-95.964285,"3"
310550034022,3402,2,803,41.2325742,-95.961961,"3"
310550034023,3402,3,795,41.2313076,-95.9582074,"3"
310550035001,3500,1,1652,41.2359615,-95.9867028,"3"
310550035002,3500,2,1289,41.2344196,-95.9963105,"3"
310550035003,3500,3,1549,41.2353708,-95.9792712,"3"
310550036001,3600,1,901,41.2451033,-95.9941602,"3"
310550036002,3600,2,907,41.24605,-96.0013741,"3"
310550036003,3600,3,696,41.2406822,-96.0014153,"3"
310550036004,3600,4,802,41.2469411,-96.0095439,"3"
310550036005,3600,5,754,41.2414985,-96.0071615,"3"
310550037001,3700,1,992,41.2447771,-95.9869104,"3"
310550037002,3700,2,1369,41.2450531,-95.9795126,"3"
310550038001,3800,1,1024,41.2455776,-95.9690873,"3"
310550038002,3800,2,1069,41.2470218,-95.9568259,"3"
310550038003,3800,3,1181,41.2430408,-95.9573857,"3"
310550038004,3800,4,617,41.2428063,-95.9630707,"3"
310550039001,3900,1,1272,41.2506025,-95.9576646,"3"
310550039002,3900,2,1106,41.2505982,-95.9505119,"3"
310550040001,4000,1,863,41.2545306,-95.950428,"3"
310550040002,4000,2,1246,41.2582137,-95.9541779,"3"
310550040003,4000,3,1190,41.2545398,-95.9576588,"3"
310550042001,4200,1,645,41.2569803,-95.9638628,"3"
310550042002,4200,2,767,41.2514295,-95.9637528,"3"
310550043001,4300,1,1280,41.2578197,-95.9710281,"3"
310550043002,4300,2,1156,41.25421,-95.9709664,"3"
310550043003,4300,3,650,41.2505837,-95.9709729,"3"
310550044001,4400,1,523,41.2545834,-95.9831715,"3"
310550044002,4400,2,800,41.250869,-95.9796172,"3"
310550045001,4500,1,838,41.2581754,-95.9894577,"3"
310550045002,4500,2,693,41.2550089,-95.992845,"3"
310550045003,4500,3,1644,41.2505489,-95.9974791,"3"
310550046001,4600,1,1085,41.2541285,-96.0195882,"3"
310550046002,4600,2,1288,41.2544271,-96.006335,"3"
310550047001,4700,1,1318,41.263319,-95.9988403,"3"
310550047002,4700,2,1729,41.2604515,-96.0142231,"3"
310550048001,4800,1,724,41.2700249,-95.9926762,"3"
310550048002,4800,2,1224,41.2700247,-95.9879178,"3"
310550048003,4800,3,1185,41.2650508,-95.9903835,"3"
310550048004,4800,4,1182,41.2614358,-95.990322,"3"
310550049001,4900,1,1718,41.2705606,-95.9747195,"3"
310550049002,4900,2,1387,41.2638726,-95.9778564,"3"
310550049003,4900,3,1560,41.2653051,-95.9834297,"3"
310550050001,5000,1,1297,41.2617716,-95.9653341,"3"
310550050002,5000,2,864,41.2618097,-95.9719564,"3"
310550050003,5000,3,1514,41.2659132,-95.968261,"3"
310550051001,5100,1,1184,41.2703624,-95.9615153,"3"
310550051002,5100,2,1222,41.2638437,-95.9590818,"3"
310550052001,5200,1,929,41.2789418,-95.9613188,"3"
310550052002,5200,2,841,41.2746501,-95.9613441,"3"
310550053001,5300,1,896,41.2850303,-95.9644164,"3"
310550053002,5300,2,759,41.2779036,-95.9723254,"3"
310550053003,5300,3,790,41.2754424,-95.9693953,"3"
310550054001,5400,1,822,41.2863164,-95.9764245,"3"
310550054002,5400,2,823,41.282448,-95.9777341,"3"
310550054003,5400,3,902,41.2792334,-95.9794254,"3"
310550054004,5400,4,802,41.2753286,-95.9800126,"3"
310550055001,5500,1,1563,41.2741319,-95.9999289,"3"
310550055002,5500,2,1116,41.2779286,-95.9927144,"3"
310550055003,5500,3,1295,41.2804774,-95.9999139,"3"
310550055004,5500,4,1349,41.2772947,-95.9868622,"3"
310550056001,5600,1,1105,41.2984175,-96.0188913,"3"
310550056002,5600,2,684,41.2868571,-96.0191318,"3"
310550056003,5600,3,726,41.2832256,-96.0191155,"3"
310550056004,5600,4,676,41.2831932,-96.0095653,"3"
310550056005,5600,5,781,41.2795676,-96.0095696,"3"
310550057001,5700,1,1057,41.2923109,-96.0105368,"3"
310550057002,5700,2,915,41.2874011,-96.009496,"3"
310550057003,5700,3,739,41.2886403,-96.0026108,"3"
310550057004,5700,4,1032,41.292194,-95.9976234,"3"
310550057005,5700,5,679,41.2855448,-95.9987879,"3"
310550058001,5800,1,1370,41.2959609,-95.9902781,"3"
310550058002,5800,2,1289,41.2833962,-95.9883151,"3"
310550058003,5800,3,1007,41.286508,-95.9844387,"3"
310550058004,5800,4,1151,41.2891019,-95.9909596,"3"
310550059011,5901,1,1093,41.2937953,-95.9810668,"3"
310550059012,5901,2,1282,41.2905191,-95.9788587,"3"
310550059021,5902,1,1078,41.296827,-95.9643654,"3"
310550059022,5902,2,1353,41.2913835,-95.9643544,"3"
310550060001,6000,1,649,41.3016889,-95.9605236,"3"
310550060002,6000,2,868,41.3030029,-95.9669888,"3"
310550060003,6000,3,826,41.3030807,-95.9728317,"3"
310550060004,6000,4,753,41.3031848,-95.9781145,"3"
310550060005,6000,5,980,41.30306,-95.9829057,"3"
310550061011,6101,1,706,41.3196096,-95.9802405,"3"
310550061012,6101,2,702,41.3129476,-95.9809178,"3"
310550061013,6101,3,1224,41.3090882,-95.9806965,"3"
310550061021,6102,1,809,41.3240553,-95.9711134,"3"
310550061022,6102,2,959,41.3183984,-95.970794,"3"
310550061023,6102,3,939,41.3135035,-95.9709306,"3"
310550061024,6102,4,845,41.3089759,-95.970981,"3"
310550061025,6102,5,715,41.3080926,-95.9610018,"3"
310550062021,6202,1,891,41.3392393,-95.9675204,"3"
310550062022,6202,2,840,41.3290335,-95.9640031,"3"
310550062023,6202,3,714,41.3139397,-95.9613209,"3"
310550062024,6202,4,1262,41.3233075,-95.9621731,"3"
310550062025,6202,5,1147,41.3184106,-95.9607043,"3"
310550063011,6301,1,1542,41.3238907,-95.997881,"3"
310550063012,6301,2,1199,41.3146934,-95.9943339,"3"
310550063021,6302,1,1499,41.3020719,-96.0089158,"3"
310550063022,6302,2,841,41.3085552,-95.9947174,"3"
310550063023,6302,3,1497,41.3031495,-95.999847,"3"
310550063024,6302,4,915,41.303175,-95.9902255,"3"
310550063031,6303,1,1544,41.2964974,-96.0087013,"3"
310550063032,6303,2,1662,41.296507,-96.0006744,"3"
310550064001,6400,1,1077,41.2691699,-96.008565,"3"
310550064002,6400,2,1026,41.2669816,-96.0199342,"3"
310550064003,6400,3,923,41.2750616,-96.0190982,"3"
310550064004,6400,4,734,41.2795946,-96.0191098,"3"
310550064005,6400,5,1109,41.2750326,-96.0095661,"3"
310550065031,6503,1,709,41.306087,-96.0435353,"3"
310550065032,6503,2,1074,41.3010151,-96.0447507,"3"
310550065033,6503,3,924,41.3074029,-96.0316045,"3"
310550065041,6504,1,1288,41.2924212,-96.0452316,"3"
310550065042,6504,2,1187,41.2883212,-96.03547,"3"
310550065043,6504,3,818,41.2961235,-96.0299573,"3"
310550065051,6505,1,996,41.3312445,-96.013499,"3"
310550065052,6505,2,936,41.3212558,-96.00946,"3"
310550065061,6506,1,1334,41.307974,-96.0092924,"3"
310550065062,6506,2,1312,41.3116113,-96.012172,"3"
310550065063,6506,3,1389,41.31432,-96.018821,"3"
310550066031,6603,1,634,41.2823232,-96.0403594,"3"
310550066032,6603,2,853,41.2822671,-96.0331903,"3"
310550066033,6603,3,1125,41.2805285,-96.0268795,"3"
310550066041,6604,1,1079,41.2739434,-96.0399766,"3"
310550066042,6604,2,1449,41.2678768,-96.0314471,"3"
310550066043,6604,3,1505,41.2735792,-96.029965,"3"
310550066051,6605,1,1042,41.2741798,-96.0573666,"3"
310550066052,6605,2,1164,41.2669529,-96.054939,"3"
310550066053,6605,3,995,41.2669609,-96.0597227,"3"
310550066061,6606,1,1003,41.276783,-96.0487711,"3"
310550066062,6606,2,1043,41.2666038,-96.0432003,"3"
310550066063,6606,3,855,41.2669338,-96.0501436,"3"
310550067011,6701,1,1542,41.252951,-96.029602,"3"
310550067012,6701,2,1168,41.2568179,-96.046608,"3"
310550067013,6701,3,1191,41.2560678,-96.0573606,"3"
310550067031,6703,1,1169,41.2569207,-96.0851088,"3"
310550067032,6703,2,1044,41.2601617,-96.0960887,"3"
310550067033,6703,3,833,41.2519521,-96.0964848,"3"
310550067041,6704,1,923,41.2620355,-96.0655488,"3"
310550067042,6704,2,949,41.2532734,-96.0681836,"3"
310550068031,6803,1,804,41.2458438,-96.0933716,"3"
310550068032,6803,2,1227,41.2379645,-96.0932167,"3"
310550068041,6804,1,702,41.2360365,-96.0671311,"3"
310550068042,6804,2,934,41.2431279,-96.0792519,"3"
310550068051,6805,1,722,41.2477355,-96.0694445,"3"
310550068052,6805,2,1014,41.2424059,-96.0563599,"3"
310550068053,6805,3,665,41.2448853,-96.0466358,"3"
310550068054,6805,4,869,41.2372961,-96.046574,"3"
310550068061,6806,1,764,41.2415115,-96.0371859,"3"
310550068062,6806,2,1099,41.2460622,-96.0286964,"3"
310550068063,6806,3,537,41.2388202,-96.0287309,"3"
310550069031,6903,1,1115,41.2249176,-96.0953125,"3"
310550069032,6903,2,1417,41.2307459,-96.0937387,"3"
310550069041,6904,1,1370,41.2275283,-96.0668689,"3"
310550069042,6904,2,967,41.2306115,-96.0766338,"3"
310550069043,6904,3,789,41.2277159,-96.084437,"3"
310550069044,6904,4,923,41.2304845,-96.0564923,"3"
310550069051,6905,1,957,41.229407,-96.0463898,"3"
310550069052,6905,2,910,41.2246793,-96.052703,"3"
310550069061,6906,1,1279,41.2308421,-96.0367134,"3"
310550069062,6906,2,821,41.2305794,-96.0271173,"3"
310550069063,6906,3,1128,41.2244409,-96.0307975,"3"
310550070011,7001,1,1607,41.2351684,-96.0196069,"3"
310550070012,7001,2,2841,41.2374109,-96.0127545,"3"
310550070013,7001,3,977,41.2256,-96.0134984,"3"
310550070021,7002,1,1059,41.2288085,-95.9843967,"3"
310550070022,7002,2,936,41.2250615,-95.9837309,"3"
310550070023,7002,3,778,41.2288075,-95.9998887,"3"
310550070024,7002,4,718,41.2251087,-95.9969623,"3"
310550070031,7003,1,1269,41.2177567,-96.0078483,"3"
310550070032,7003,2,1208,41.2179331,-95.9829959,"3"
310550071011,7101,1,1356,41.208251,-96.0122298,"3"
310550071012,7101,2,2030,41.2093728,-95.9874591,"3"
310550071021,7102,1,845,41.2019733,-96.0102895,"3"
310550071022,7102,2,1055,41.2016639,-95.9901866,"3"
310550071023,7102,3,902,41.1926467,-96.0000289,"3"
310550071024,7102,4,878,41.1986908,-95.9834123,"3"
310550073031,7303,1,1311,41.3700915,-96.006408,"3"
310550073032,7303,2,1726,41.3710318,-95.9634937,"3"
310550073041,7304,1,505,41.3330199,-95.9814035,"3"
310550073042,7304,2,891,41.3387861,-96.0010521,"3"
310550073091,7309,1,898,41.322957,-96.084563,"3"
310550073092,7309,2,1643,41.3290648,-96.0829258,"3"
310550073093,7309,3,989,41.3193371,-96.0876773,"3"
310550073094,7309,4,942,41.3312112,-96.0953657,"3"
310550073101,7310,1,1148,41.3097003,-96.0854248,"3"
310550073102,7310,2,745,41.3131146,-96.0885018,"3"
310550073103,7310,3,916,41.3110984,-96.0964065,"3"
310550073111,7311,1,2217,41.3181842,-96.0753966,"3"
310550073112,7311,2,1174,41.3103017,-96.0761061,"3"
310550073121,7312,1,1594,41.3161244,-96.0608229,"3"
310550073122,7312,2,784,41.3102349,-96.068912,"3"
310550073141,7314,1,1620,41.3256773,-96.1499108,"3"
310550073142,7314,2,1272,41.3324262,-96.1549013,"3"
310550073143,7314,3,2040,41.3319022,-96.1437884,"3"
310550073151,7315,1,3199,41.3217793,-96.1112683,"3"
310550073152,7315,2,1096,41.3120453,-96.1296288,"3"
310550073153,7315,3,1292,41.3110324,-96.1129653,"3"
310550073161,7316,1,2237,41.3159589,-96.145651,"3"
310550073162,7316,2,1848,41.3112042,-96.1519077,"3"
310550073171,7317,1,749,41.3741551,-96.0609268,"3"
310550073172,7317,2,2680,41.3634646,-96.1242611,"3"
310550073173,7317,3,1798,41.3476792,-96.0469717,"3"
310550073181,7318,1,1623,41.3670831,-96.1746357,"3"
310550073182,7318,2,2089,41.3118574,-96.1779655,"3"
310550073183,7318,3,3525,41.3282872,-96.1837877,"3"
310550073184,7318,4,2357,41.3445985,-96.1841933,"3"
310550073191,7319,1,2221,41.3284367,-96.0378994,"3"
310550073192,7319,2,3127,41.3220946,-96.0506072,"3"
310550073201,7320,1,1494,41.3166605,-96.0393913,"3"
310550073202,7320,2,1201,41.3181875,-96.0268828,"3"
310550073203,7320,3,998,41.3307725,-96.0291926,"3"
310550074061,7406,1,1200,41.2380228,-96.1239253,"3"
310550074062,7406,2,1349,41.2370203,-96.1334802,"3"
310550074063,7406,3,1503,41.2442128,-96.1339371,"3"
310550074064,7406,4,1176,41.2465003,-96.1239485,"3"
310550074071,7407,1,1758,41.2446245,-96.1136785,"3"
310550074072,7407,2,818,41.2375892,-96.1042852,"3"
310550074073,7407,3,747,41.2373472,-96.1135345,"3"
310550074081,7408,1,1098,41.2276701,-96.1039061,"3"
310550074082,7408,2,1208,41.2239112,-96.1157961,"3"
310550074083,7408,3,1056,41.2319254,-96.1129998,"3"
310550074084,7408,4,1036,41.2244913,-96.1080731,"3"
310550074091,7409,1,832,41.2272795,-96.1292561,"3"
310550074092,7409,2,890,41.2316969,-96.1247722,"3"
310550074093,7409,3,661,41.2178229,-96.0861567,"3"
310550074241,7424,1,816,41.2834768,-96.0622038,"3"
310550074242,7424,2,1022,41.281225,-96.0711279,"3"
310550074243,7424,3,1290,41.2805052,-96.0579122,"3"
310550074291,7429,1,1028,41.2369463,-96.1444026,"1"
310550074292,7429,2,884,41.2387366,-96.1569727,"1"
310550074293,7429,3,1419,41.2438179,-96.1476332,"1"
310550074311,7431,1,1347,41.3045218,-96.1311004,"3"
310550074312,7431,2,806,41.2992708,-96.1346387,"3"
310550074313,7431,3,783,41.2942135,-96.1332012,"3"
310550074314,7431,4,1569,41.2985452,-96.124136,"3"
310550074321,7432,1,920,41.3041544,-96.1147232,"3"
310550074322,7432,2,906,41.2997605,-96.1169397,"3"
310550074323,7432,3,1441,41.2970217,-96.1058684,"3"
310550074331,7433,1,700,41.3038575,-96.0848729,"3"
310550074332,7433,2,851,41.2939302,-96.0907929,"3"
310550074333,7433,3,842,41.2911322,-96.0850739,"3"
310550074334,7433,4,862,41.2977318,-96.0958198,"3"
310550074335,7433,5,1018,41.3036325,-96.0964033,"3"
310550074341,7434,1,1283,41.3022184,-96.0762763,"3"
310550074342,7434,2,876,41.2932578,-96.0790686,"3"
310550074343,7434,3,1132,41.2922396,-96.0756678,"3"
310550074351,7435,1,1165,41.2990574,-96.0575509,"3"
310550074352,7435,2,975,41.3008895,-96.0684613,"3"
310550074353,7435,3,1437,41.3036897,-96.0596998,"3"
310550074361,7436,1,1390,41.287858,-96.0729223,"3"
310550074362,7436,2,1020,41.2924748,-96.0680004,"3"
310550074363,7436,3,1224,41.2882036,-96.0615241,"3"
310550074364,7436,4,914,41.2951804,-96.0601744,"3"
310550074381,7438,1,1251,41.2828076,-96.1320609,"3"
310550074382,7438,2,783,41.2888473,-96.1299092,"3"
310550074391,7439,1,796,41.2793483,-96.1162633,"3"
310550074392,7439,2,1139,41.2888495,-96.1134004,"3"
310550074393,7439,3,1152,41.28082,-96.1067546,"3"
310550074394,7439,4,919,41.2857608,-96.1047337,"3"
310550074395,7439,5,669,41.2846288,-96.0994995,"3"
310550074401,7440,1,904,41.2842314,-96.091943,"3"
310550074402,7440,2,1505,41.2826075,-96.0832963,"3"
310550074411,7441,1,1670,41.27396,-96.1629151,"3"
310550074412,7441,2,1020,41.2692516,-96.1685754,"3"
310550074421,7442,1,944,41.2669009,-96.1433985,"3"
310550074422,7442,2,1012,41.2671034,-96.1523365,"3"
310550074423,7442,3,1220,41.2721118,-96.1557389,"3"
310550074424,7442,4,979,41.2741049,-96.1485659,"3"
310550074425,7442,5,722,41.2744571,-96.1422351,"3"
310550074431,7443,1,845,41.2705318,-96.1139327,"3"
310550074432,7443,2,941,41.2651407,-96.108372,"3"
310550074433,7443,3,1634,41.2751964,-96.1097964,"3"
310550074441,7444,1,1152,41.2751544,-96.0893049,"3"
310550074442,7444,2,1103,41.2757489,-96.0870794,"3"
310550074443,7444,3,1621,41.2703587,-96.0848753,"3"
310550074444,7444,4,934,41.2689355,-96.0944684,"3"
310550074451,7445,1,1493,41.2705977,-96.0691652,"3"
310550074452,7445,2,998,41.2701911,-96.079052,"3"
310550074461,7446,1,936,41.2610321,-96.1686792,"1"
310550074462,7446,2,1273,41.2546546,-96.1727706,"1"
310550074463,7446,3,620,41.2578305,-96.1630032,"1"
310550074464,7446,4,1238,41.2528158,-96.16215,"1"
310550074471,7447,1,1453,41.2598808,-96.1530743,"3"
310550074472,7447,2,1375,41.2526691,-96.1531586,"3"
310550074481,7448,1,885,41.2518532,-96.1058033,"3"
310550074482,7448,2,907,41.2524645,-96.1140628,"3"
310550074483,7448,3,1097,41.2595774,-96.1100676,"3"
310550074491,7449,1,1377,41.2416042,-96.1804604,"1"
310550074492,7449,2,1866,41.2411978,-96.190031,"1"
310550074501,7450,1,1235,41.244644,-96.1692664,"1"
310550074502,7450,2,933,41.2364996,-96.1673242,"1"
310550074503,7450,3,1302,41.2366561,-96.1734687,"1"
310550074511,7451,1,1763,41.2281447,-96.1784424,"1"
310550074512,7451,2,906,41.2300674,-96.1721936,"1"
310550074513,7451,3,728,41.2335903,-96.1641443,"1"
310550074514,7451,4,897,41.2299328,-96.1623555,"1"
310550074515,7451,5,1476,41.2261025,-96.1503205,"1"
310550074521,7452,1,1501,41.2078355,-96.1873553,"1"
310550074522,7452,2,1783,41.215091,-96.1914737,"1"
310550074523,7452,3,1805,41.2179246,-96.1850263,"1"
310550074531,7453,1,908,41.2151408,-96.1676645,"1"
310550074532,7453,2,1471,41.2082246,-96.1715004,"1"
310550074533,7453,3,875,41.2083152,-96.1621855,"1"
310550074541,7454,1,1869,41.2120184,-96.1521891,"1"
310550074542,7454,2,1613,41.2164024,-96.1459592,"1"
310550074543,7454,3,1264,41.2088272,-96.1433738,"1"
310550074551,7455,1,671,41.2074321,-96.1352161,"1"
310550074552,7455,2,1304,41.2088877,-96.1276211,"1"
310550074561,7456,1,1214,41.2096179,-96.1010763,"3"
310550074562,7456,2,1210,41.2088025,-96.114171,"3"
310550074571,7457,1,893,41.2095666,-96.0806414,"3"
310550074572,7457,2,841,41.2073271,-96.0734547,"3"
310550074573,7457,3,1095,41.2069966,-96.0653427,"3"
310550074581,7458,1,1358,41.2069084,-96.0581934,"3"
310550074582,7458,2,858,41.2092272,-96.0498279,"3"
310550074583,7458,3,930,41.207373,-96.0457377,"3"
310550074591,7459,1,2090,41.2075443,-96.0327774,"3"
310550074592,7459,2,1307,41.2019656,-96.0343757,"3"
310550074601,7460,1,1568,41.2037687,-96.1853978,"1"
310550074602,7460,2,1320,41.1943191,-96.1916111,"1"
310550074603,7460,3,1446,41.1949487,-96.1823472,"1"
310550074611,7461,1,2286,41.2011888,-96.170195,"1"
310550074612,7461,2,1475,41.2001487,-96.1607667,"1"
310550074613,7461,3,998,41.19324,-96.1637651,"1"
310550074614,7461,4,1473,41.1939985,-96.1729137,"1"
310550074621,7462,1,1094,41.1950169,-96.1431616,"1"
310550074622,7462,2,1010,41.1949556,-96.1496705,"1"
310550074623,7462,3,1209,41.1965563,-96.1552852,"1"
310550074624,7462,4,1476,41.2025647,-96.147033,"1"
310550074631,7463,1,1078,41.1988506,-96.1346795,"1"
310550074632,7463,2,958,41.2007048,-96.1235615,"1"
310550074633,7463,3,1359,41.1939031,-96.1241531,"1"
310550074634,7463,4,1057,41.1937293,-96.1343633,"1"
310550074641,7464,1,1284,41.1964447,-96.1130667,"1"
310550074642,7464,2,1898,41.1994081,-96.1024256,"3"
310550074651,7465,1,1293,41.2034598,-96.0856554,"3"
310550074652,7465,2,945,41.2014958,-96.0889433,"3"
310550074653,7465,3,1422,41.1935008,-96.0905602,"3"
310550074654,7465,4,846,41.1930885,-96.0841252,"3"
310550074661,7466,1,1492,41.2010453,-96.0704678,"3"
310550074662,7466,2,1389,41.2013559,-96.0766428,"3"
310550074663,7466,3,1626,41.1986499,-96.0662353,"3"
310550074664,7466,4,1319,41.1940481,-96.0763748,"3"
310550074671,7467,1,909,41.1923417,-96.048163,"3"
310550074672,7467,2,1110,41.2011711,-96.0479968,"3"
310550074673,7467,3,1077,41.1950304,-96.0577716,"3"
310550074674,7467,4,1936,41.2018977,-96.057183,"3"
310550074681,7468,1,688,41.1966112,-96.0281158,"3"
310550074682,7468,2,706,41.1919968,-96.0268268,"3"
310550074683,7468,3,998,41.1951053,-96.0379753,"3"
310550074691,7469,1,1798,41.3003715,-96.1610009,"3"
310550074692,7469,2,1527,41.3016051,-96.1719828,"3"
310550074693,7469,3,1240,41.2946367,-96.170576,"3"
310550074701,7470,1,2126,41.3027584,-96.1469107,"3"
310550074702,7470,2,1314,41.299689,-96.1538414,"3"
310550074703,7470,3,1196,41.2956021,-96.1414735,"3"
310550074704,7470,4,1606,41.2944039,-96.1500283,"3"
310550074711,7471,1,1942,41.2854801,-96.164592,"3"
310550074712,7471,2,1923,41.2825574,-96.1735163,"3"
310550074721,7472,1,1770,41.2855206,-96.1436998,"3"
310550074722,7472,2,1174,41.2884211,-96.1537647,"3"
310550074723,7472,3,1401,41.2807297,-96.1520707,"3"
310550074731,7473,1,410,41.2572315,-96.133503,"3"
310550074741,7474,1,789,41.2752048,-96.1317907,"3"
310550074742,7474,2,758,41.2694994,-96.1240263,"3"
310550075041,7504,1,1412,41.3145893,-96.3689525,"1"
310550075042,7504,2,1055,41.3033579,-96.3288301,"1"
310550075043,7504,3,1108,41.3557522,-96.3577076,"1"
310550075051,7505,1,1832,41.3465244,-96.2439752,"1"
310550075052,7505,2,1811,41.2979038,-96.2383341,"1"
310550075053,7505,3,1199,41.2998112,-96.2474297,"1"
310550075061,7506,1,1023,41.2886388,-96.2560233,"1"
310550075062,7506,2,1674,41.2694738,-96.241376,"1"
310550075063,7506,3,710,41.2754277,-96.2584514,"1"
310550075081,7508,1,1389,41.2299682,-96.3145578,"1"
310550075082,7508,2,1346,41.2761459,-96.3308998,"1"
310550075091,7509,1,808,41.2547639,-96.2453433,"1"
310550075092,7509,2,3592,41.2401012,-96.2458397,"1"
310550075093,7509,3,924,41.2521408,-96.2521566,"1"
310550075094,7509,4,2064,41.2124616,-96.2671375,"1"
310550075141,7514,1,644,41.2453327,-96.2072039,"1"
310550075142,7514,2,1515,41.2384959,-96.2049419,"1"
310550075143,7514,3,1296,41.2460902,-96.2202655,"1"
310550075144,7514,4,993,41.2399228,-96.2266557,"1"
310550075151,7515,1,1666,41.2290781,-96.2262084,"1"
310550075152,7515,2,2473,41.2272625,-96.202544,"1"
310550075153,7515,3,1192,41.2250999,-96.2130218,"1"
310550075161,7516,1,1680,41.2122576,-96.2059787,"1"
310550075162,7516,2,1659,41.2122623,-96.2277293,"1"
310550075163,7516,3,1388,41.2119069,-96.2184084,"1"
310550075171,7517,1,2239,41.1936351,-96.2068663,"1"
310550075172,7517,2,1585,41.2011098,-96.2110465,"1"
310550075173,7517,3,723,41.2006072,-96.2015494,"1"
310550075174,7517,4,1638,41.2013987,-96.219646,"1"
310550075175,7517,5,1224,41.1966656,-96.2264789,"1"
310550075181,7518,1,1116,41.2852985,-96.2187041,"1"
310550075182,7518,2,2218,41.2860779,-96.2272918,"1"
310550075183,7518,3,1226,41.274556,-96.22752,"1"
310550075191,7519,1,579,41.2696861,-96.1926207,"1"
310550075192,7519,2,1800,41.2693366,-96.2071598,"1"
310550075193,7519,3,1438,41.2698841,-96.1827073,"1"
310550075194,7519,4,2226,41.2847667,-96.2061992,"1"
310550075201,7520,1,1874,41.2886331,-96.1869787,"3"
310550075202,7520,2,2868,41.2804342,-96.1864683,"1"
310550075211,7521,1,1958,41.2983018,-96.1818162,"3"
310550075212,7521,2,2120,41.2995896,-96.1890236,"3"
310550075221,7522,1,725,41.3025126,-96.2237563,"1"
310550075222,7522,2,1073,41.2989595,-96.2060952,"1"
310550075231,7523,1,1277,41.2526228,-96.2288266,"1"
310550075232,7523,2,1562,41.2571638,-96.2230155,"1"
310550075241,7524,1,1028,41.2575369,-96.1813231,"1"
310550075242,7524,2,1596,41.258586,-96.2064253,"1"
310550075243,7524,3,1878,41.2517398,-96.2053073,"1"
310579623001,962300,1,468,40.1686279,-101.4382824,"2"
310579623002,962300,2,567,40.1056019,-101.7854622,"2"
310579623003,962300,3,619,40.0487128,-101.5375365,"2"
310590916001,91600,1,1261,40.6622375,-97.492768,"2"
310590916002,91600,2,886,40.4895781,-97.4746142,"2"
310590917001,91700,1,1169,40.5176254,-97.719525,"2"
310590917002,91700,2,1327,40.50983,-97.5773968,"2"
310590917003,91700,3,908,40.5272856,-97.6007803,"2"
310619646001,964600,1,584,40.2710382,-98.8464731,"2"
310619646002,964600,2,651,40.2855899,-99.0577297,"2"
310619647001,964700,1,924,40.1609499,-98.9445277,"2"
310619647002,964700,2,730,40.0520467,-98.9601277,"2"
310639611001,961100,1,719,40.500067,-100.5884058,"2"
310639611002,961100,2,861,40.5343521,-100.180374,"2"
310639611003,961100,3,939,40.6694801,-100.5242902,"2"
310659639001,963900,1,644,40.3166962,-100.04485,"2"
310659639002,963900,2,623,40.1192892,-99.9483314,"2"
310659639003,963900,3,838,40.3155507,-100.1771441,"2"
310659639004,963900,4,1051,40.3208482,-99.9073801,"2"
310659639005,963900,5,855,40.2999371,-99.7517409,"2"
310659639006,963900,6,625,40.1968883,-99.7755001,"2"
310679646001,964600,1,1983,40.4436058,-96.5811448,"1"
310679646002,964600,2,879,40.2848596,-96.5645969,"1"
310679647001,964700,1,1525,40.415917,-96.7355099,"1"
310679647002,964700,2,1033,40.3731301,-96.86432,"1"
310679647003,964700,3,903,40.097466,-96.8135871,"1"
310679648001,964800,1,1603,40.2417892,-96.7177863,"1"
310679648002,964800,2,677,40.24144,-96.7933658,"1"
310679648003,964800,3,692,40.301036,-96.764172,"1"
310679648004,964800,4,707,40.2901001,-96.7771419,"1"
310679649001,964900,1,1326,40.290131,-96.7028782,"1"
310679649002,964900,2,691,40.2648061,-96.7331773,"1"
310679649003,964900,3,886,40.2692437,-96.7331794,"1"
310679649004,964900,4,868,40.2673495,-96.7239396,"1"
310679650001,965000,1,864,40.2809518,-96.7318776,"1"
310679650002,965000,2,750,40.2779306,-96.7439797,"1"
310679650003,965000,3,674,40.28101,-96.7388101,"1"
310679650004,965000,4,1186,40.2744232,-96.7343541,"1"
310679651001,965100,1,883,40.255381,-96.7284273,"1"
310679651002,965100,2,1060,40.2674069,-96.7460349,"1"
310679652001,965200,1,1181,40.161984,-96.6088588,"1"
310679652002,965200,2,1333,40.0655565,-96.5841433,"1"
310699521001,952100,1,665,41.6333638,-102.3029845,"2"
310699521002,952100,2,1209,41.3976242,-102.2814305,"2"
310719732001,973200,1,701,41.9068675,-98.951231,"2"
310719732002,973200,2,1112,41.7848733,-99.1402221,"2"
310739676001,967600,1,965,40.4877866,-99.8103914,"2"
310739676002,967600,2,928,40.6061702,-99.9055382,"2"
310759563001,956300,1,611,41.9139574,-101.7559645,"2"
310779709001,970900,1,1086,41.5988933,-98.4525756,"2"
310779709002,970900,2,1102,41.5195024,-98.6216731,"2"
310790001001,100,1,1363,40.9957319,-98.6183873,"2"
310790001002,100,2,1104,40.9559434,-98.484954,"2"
310790002001,200,1,1093,40.9518784,-98.3485741,"2"
310790002002,200,2,1168,40.9411971,-98.346729,"2"
310790002003,200,3,1008,40.9327218,-98.3404574,"2"
310790002004,200,4,1764,40.9419973,-98.3285816,"2"
310790003001,300,1,797,40.941978,-98.3547906,"2"
310790003002,300,2,1549,40.9357611,-98.3534471,"2"
310790003003,300,3,1758,40.9311496,-98.3517019,"2"
310790003004,300,4,1264,40.9282337,-98.3459653,"2"
310790003005,300,5,1003,40.9242833,-98.3545512,"2"
310790004001,400,1,735,40.9516682,-98.3723219,"2"
310790004002,400,2,1019,40.9422064,-98.3636727,"2"
310790004003,400,3,1128,40.9427629,-98.372976,"2"
310790004004,400,4,1011,40.9351467,-98.376074,"2"
310790004005,400,5,1393,40.934939,-98.3636982,"2"
310790005001,500,1,2452,40.9533553,-98.4097594,"2"
310790005002,500,2,2841,40.9388054,-98.3952985,"2"
310790005003,500,3,1105,40.938787,-98.4213786,"2"
310790006001,600,1,2399,40.9243063,-98.409492,"2"
310790006002,600,2,2066,40.9054581,-98.4144842,"2"
310790006003,600,3,1989,40.882052,-98.4096294,"2"
310790007001,700,1,1259,40.9277594,-98.3636959,"2"
310790007002,700,2,1138,40.9207461,-98.3637483,"2"
310790007003,700,3,1265,40.9177792,-98.3762042,"2"
310790007004,700,4,1035,40.9278979,-98.3759378,"2"
310790008001,800,1,905,40.9097459,-98.3707099,"2"
310790008002,800,2,1037,40.9108795,-98.3604126,"2"
310790008003,800,3,1222,40.9056052,-98.3605593,"2"
310790009001,900,1,1551,40.9204611,-98.3494029,"2"
310790009002,900,2,1604,40.9163366,-98.3468661,"2"
310790009003,900,3,745,40.9067659,-98.3494483,"2"
310790009004,900,4,1396,40.9097474,-98.3429849,"2"
310790010001,1000,1,1099,40.9247005,-98.3372132,"2"
310790010002,1000,2,1755,40.9206651,-98.3304627,"2"
310790010003,1000,3,965,40.9311936,-98.3065105,"2"
310790010004,1000,4,999,40.9208387,-98.2864406,"2"
310790011001,1100,1,1243,40.9129124,-98.3360872,"2"
310790011002,1100,2,1315,40.9127727,-98.326563,"2"
310790011003,1100,3,1926,40.8948327,-98.3122622,"2"
310790012001,1200,1,1296,40.8927616,-98.3726415,"2"
310790012002,1200,2,1174,40.8960269,-98.3535922,"2"
310790012003,1200,3,1138,40.8846601,-98.3542602,"2"
310790013001,1300,1,1724,40.7833348,-98.4213965,"2"
310790013002,1300,2,1180,40.7905862,-98.3308424,"2"
310790014001,1400,1,1283,40.8425355,-98.6297892,"2"
310790014002,1400,2,632,40.7621151,-98.5904746,"2"
310819691001,969100,1,999,40.791743,-97.9109072,"2"
310819691002,969100,2,945,41.0067319,-97.8983003,"2"
310819692001,969200,1,831,40.9190602,-98.0634368,"2"
310819692002,969200,2,832,40.8903211,-98.1981703,"2"
310819692003,969200,3,896,40.7622028,-98.1582289,"2"
310819693001,969300,1,1531,40.860619,-97.984721,"2"
310819693002,969300,2,1123,40.8844556,-98.0206856,"2"
310819693003,969300,3,1221,40.849888,-98.0245851,"2"
310819693004,969300,4,1051,40.8662981,-98.0069055,"2"
310839642001,964200,1,1085,40.226582,-99.4290288,"2"
310839642002,964200,2,880,40.1189505,-99.2712878,"2"
310839642003,964200,3,1108,40.0659942,-99.3694191,"2"
310859615001,961500,1,856,40.5372337,-101.0479627,"2"
310879627001,962700,1,624,40.281317,-101.0758562,"2"
310879627002,962700,2,703,40.2398985,-100.8119829,"2"
310879627003,962700,3,652,40.1968893,-101.0184571,"2"
310879627004,962700,4,637,40.1027165,-101.0335554,"2"
310899740001,974000,1,556,42.6318211,-98.5890571,"2"
310899740002,974000,2,954,42.7509045,-99.0159325,"2"
310899741001,974100,1,1086,42.3566016,-98.4404172,"2"
310899741002,974100,2,672,42.311887,-98.9426873,"2"
310899741003,974100,3,677,42.168487,-98.6028423,"2"
310899742001,974200,1,1100,42.5004734,-98.8635535,"2"
310899742002,974200,2,882,42.5400309,-99.0195771,"2"
310899743001,974300,1,844,42.4867319,-98.6084583,"2"
310899743002,974300,2,904,42.4687529,-98.6490366,"2"
310899743003,974300,3,981,42.4712561,-98.6952272,"2"
310899743004,974300,4,801,42.4612985,-98.6504081,"2"
310899743005,974300,5,670,42.4498384,-98.6114697,"2"
310919567001,956700,1,711,41.920317,-101.117324,"2"
310939705001,970500,1,959,41.3195282,-98.3764488,"2"
310939705002,970500,2,854,41.0832209,-98.4313965,"2"
310939706001,970600,1,886,41.2853811,-98.6395251,"2"
310939706002,970600,2,917,41.2436303,-98.4247999,"2"
310939706003,970600,3,1650,41.2173537,-98.4788883,"2"
310939706004,970600,4,1209,41.137816,-98.6258585,"2"
310959636001,963600,1,1149,40.238574,-97.0192777,"2"
310959636002,963600,2,643,40.2700638,-97.2271494,"2"
310959636003,963600,3,1159,40.0806364,-97.1517067,"2"
310959637001,963700,1,1697,40.1533483,-97.1548172,"2"
310959637002,963700,2,1262,40.1436844,-97.1810237,"2"
310959638001,963800,1,1330,40.1332166,-97.1866365,"2"
310979675001,967500,1,911,40.428247,-96.2275705,"1"
310979675002,967500,2,1033,40.3853064,-96.397513,"1"
310979676001,967600,1,2310,40.3338399,-96.1474566,"1"
310979676002,967600,2,1036,40.3769076,-96.211629,"1"
310999666001,966600,1,1418,40.5268098,-98.8810013,"2"
310999666002,966600,2,1369,40.568002,-99.1321085,"2"
310999666003,966600,3,666,40.4159096,-99.0749872,"2"
310999667001,966700,1,1606,40.5002537,-98.9627821,"2"
310999667002,966700,2,1629,40.4874806,-98.9316009,"2"
311010001001,100,1,774,41.1299939,-101.7244484,"2"
311010001002,100,2,845,41.1267019,-101.7202813,"2"
311010002001,200,1,924,41.148671,-101.6890237,"2"
311010002002,200,2,856,41.1255471,-101.6919266,"2"
311010002003,200,3,738,41.1066723,-101.8006313,"2"
311010002004,200,4,788,41.1445654,-101.7683125,"2"
311010003001,300,1,1660,41.2835603,-101.6992991,"2"
311010003002,300,2,793,41.1461607,-101.4379937,"2"
311010003003,300,3,957,41.0548883,-101.6298478,"2"
311039754001,975400,1,769,42.8754803,-99.7183514,"2"
311059545001,954500,1,895,41.1992736,-103.7031528,"2"
311059545002,954500,2,729,41.2170889,-103.6962423,"2"
311059545003,954500,3,635,41.2337812,-103.6533953,"2"
311059545004,954500,4,1175,41.2612034,-103.6331542,"2"
311079762001,976200,1,1242,42.638746,-98.1771237,"2"
311079762002,976200,2,1644,42.5319142,-97.92587,"2"
311079763001,976300,1,1256,42.5171718,-97.6672886,"2"
311079763002,976300,2,1055,42.5904484,-97.6619434,"2"
311079764001,976400,1,1766,42.7239897,-97.599655,"2"
311079764002,976400,2,1428,42.7245066,-97.8943944,"2"
311090001001,100,1,1140,40.8613208,-96.6145896,"1"
311090001002,100,2,1112,40.8550924,-96.6302543,"1"
311090001003,100,3,1158,40.8599747,-96.6351495,"1"
311090002011,201,1,1611,40.838889,-96.6372754,"1"
311090002012,201,2,1459,40.8471552,-96.6392774,"1"
311090002013,201,3,1600,40.8473684,-96.6297399,"1"
311090002021,202,1,1114,40.8486999,-96.6488483,"1"
311090002022,202,2,1164,40.8437475,-96.6488798,"1"
311090002023,202,3,1972,40.8382883,-96.648889,"1"
311090003001,300,1,990,40.8440552,-96.6561497,"1"
311090003002,300,2,1301,40.8418589,-96.6645073,"1"
311090003003,300,3,1200,40.8373292,-96.6607581,"1"
311090004001,400,1,1631,40.8330777,-96.6819103,"1"
311090004002,400,2,1121,40.8293665,-96.6775744,"1"
311090004003,400,3,1134,40.825167,-96.6774321,"1"
311090004004,400,4,1105,40.8261358,-96.689966,"1"
311090005001,500,1,1129,40.8291406,-96.7048137,"1"
311090005002,500,2,1163,40.8201791,-96.7136012,"1"
311090006001,600,1,1283,40.8223471,-96.6962305,"1"
311090006002,600,2,1633,40.8214952,-96.7034857,"1"
311090006003,600,3,1167,40.8198571,-96.6996821,"1"
311090006004,600,4,2745,40.8185832,-96.6953434,"1"
311090007001,700,1,1173,40.8204061,-96.6846442,"1"
311090007002,700,2,1325,40.8200139,-96.6898428,"1"
311090008001,800,1,1301,40.819082,-96.6726053,"1"
311090008002,800,2,1249,40.8153214,-96.6776016,"1"
311090008003,800,3,1047,40.8200327,-96.6794561,"1"
311090009001,900,1,1604,40.8300996,-96.6621676,"1"
311090009002,900,2,605,40.8171293,-96.6613742,"1"
311090009003,900,3,1526,40.8246502,-96.6677497,"1"
311090010011,1001,1,937,40.8335077,-96.6374866,"1"
311090010012,1001,2,1296,40.8316418,-96.6489241,"1"
311090010013,1001,3,1080,40.829887,-96.6370826,"1"
311090010021,1002,1,697,40.8174586,-96.6505523,"1"
311090010022,1002,2,961,40.8173575,-96.64354,"1"
311090010031,1003,1,1395,40.8243608,-96.6489144,"1"
311090010032,1003,2,940,40.8231714,-96.6406908,"1"
311090010033,1003,3,1255,40.825717,-96.6363226,"1"
311090011011,1101,1,1402,40.8469994,-96.6153858,"1"
311090011012,1101,2,1892,40.838965,-96.6130769,"1"
311090011013,1101,3,1380,40.8387168,-96.6253048,"1"
311090011021,1102,1,1592,40.8316698,-96.6253792,"1"
311090011022,1102,2,1825,40.8315276,-96.6132171,"1"
311090012001,1200,1,1249,40.824341,-96.6107344,"1"
311090012002,1200,2,1645,40.81923,-96.6313217,"1"
311090012003,1200,3,1213,40.8242901,-96.6202346,"1"
311090012004,1200,4,1234,40.8169702,-96.6107363,"1"
311090012005,1200,5,1205,40.8171316,-96.6202042,"1"
311090013011,1301,1,882,40.8098661,-96.6352824,"1"
311090013012,1301,2,1337,40.8033453,-96.638787,"1"
311090013013,1301,3,1446,40.8056514,-96.6283105,"1"
311090013021,1302,1,896,40.7953463,-96.6398951,"1"
311090013022,1302,2,1073,40.7951906,-96.630459,"1"
311090013023,1302,3,1091,40.7888925,-96.6330789,"1"
311090014001,1400,1,1527,40.8098684,-96.658481,"1"
311090014002,1400,2,1901,40.8065617,-96.6484671,"1"
311090014003,1400,3,1405,40.8025595,-96.6584731,"1"
311090015001,1500,1,752,40.7952782,-96.6489235,"1"
311090015002,1500,2,1133,40.7952933,-96.6584934,"1"
311090015003,1500,3,1760,40.7889299,-96.6527142,"1"
311090015004,1500,4,813,40.7958632,-96.6675423,"1"
311090016001,1600,1,1323,40.809862,-96.6680514,"1"
311090016002,1600,2,1339,40.8033953,-96.6779941,"1"
311090016003,1600,3,1208,40.8098713,-96.6776305,"1"
311090016004,1600,4,1733,40.8025694,-96.6680568,"1"
311090017001,1700,1,1716,40.8022596,-96.6933322,"1"
311090017002,1700,2,1725,40.8025202,-96.6855951,"1"
311090017003,1700,3,1766,40.8074811,-96.6937163,"1"
311090018001,1800,1,1238,40.8125046,-96.6900872,"1"
311090018002,1800,2,898,40.8088648,-96.6843583,"1"
311090019001,1900,1,920,40.8130577,-96.6996729,"1"
311090019002,1900,2,921,40.8130714,-96.7055379,"1"
311090020011,2001,1,1173,40.8064122,-96.6996857,"1"
311090020012,2001,2,1300,40.8014131,-96.6997211,"1"
311090020021,2002,1,781,40.8050829,-96.7058565,"1"
311090020022,2002,2,1247,40.8014319,-96.7055901,"1"
311090020023,2002,3,377,40.8077481,-96.7052529,"1"
311090021001,2100,1,1611,40.8061393,-96.7120416,"1"
311090021002,2100,2,967,40.8060742,-96.719538,"1"
311090022001,2200,1,1196,40.7954768,-96.6990688,"1"
311090022002,2200,2,1507,40.788453,-96.7021648,"1"
311090022003,2200,3,1305,40.7955456,-96.7042832,"1"
311090022004,2200,4,1542,40.7923354,-96.7152502,"1"
311090023001,2300,1,1118,40.7935611,-96.6872616,"1"
311090023002,2300,2,1276,40.795439,-96.6943124,"1"
311090023003,2300,3,1085,40.7949997,-96.6789206,"1"
311090023004,2300,4,1190,40.7971719,-96.6871647,"1"
311090023005,2300,5,1384,40.7881099,-96.6920512,"1"
311090024001,2400,1,1919,40.7879021,-96.678357,"1"
311090024002,2400,2,1622,40.7814975,-96.6832721,"1"
311090025001,2500,1,1218,40.7812612,-96.6494421,"1"
311090025002,2500,2,1228,40.7911412,-96.6702056,"1"
311090025003,2500,3,1812,40.7824298,-96.6586578,"1"
311090025004,2500,4,1159,40.781671,-96.6680613,"1"
311090027011,2701,1,1069,40.7749482,-96.6491922,"1"
311090027012,2701,2,741,40.7713173,-96.6499118,"1"
311090027013,2701,3,1207,40.7735759,-96.6589706,"1"
311090027021,2702,1,1200,40.7667317,-96.6498783,"1"
311090027022,2702,2,882,40.7642409,-96.6576703,"1"
311090027023,2702,3,1197,40.7685257,-96.6653355,"1"
311090027024,2702,4,1273,40.7726432,-96.6730508,"1"
311090027025,2702,5,1162,40.7610151,-96.648071,"1"
311090028001,2800,1,1159,40.7745993,-96.6841303,"1"
311090028002,2800,2,1123,40.7713621,-96.6918081,"1"
311090028003,2800,3,1692,40.7790983,-96.6956359,"1"
311090028004,2800,4,1252,40.7799505,-96.7045759,"1"
311090029001,2900,1,1995,40.8696972,-96.6482338,"1"
311090029002,2900,2,1807,40.8653412,-96.6764917,"1"
311090029003,2900,3,1801,40.8490841,-96.6700177,"1"
311090030021,3002,1,1305,40.853693,-96.7057514,"1"
311090030022,3002,2,841,40.8466222,-96.7046773,"1"
311090030023,3002,3,1118,40.8390099,-96.7072828,"1"
311090030031,3003,1,1364,40.834841,-96.6930233,"1"
311090030032,3003,2,1258,40.8496524,-96.6853193,"1"
311090030033,3003,3,840,40.8481071,-96.6962203,"1"
311090030034,3003,4,1723,40.8535785,-96.6961135,"1"
311090030041,3004,1,1865,40.8741859,-96.688578,"1"
311090030042,3004,2,1093,40.8701348,-96.6894479,"1"
311090030051,3005,1,1888,40.8615424,-96.7053998,"1"
311090030052,3005,2,1414,40.8640104,-96.696241,"1"
311090030053,3005,3,1507,40.8615988,-96.6867364,"1"
311090031021,3102,1,1942,40.8746664,-96.7463474,"1"
311090031022,3102,2,1928,40.8641248,-96.7253794,"1"
311090031023,3102,3,2181,40.8604928,-96.7410155,"1"
311090031031,3103,1,1217,40.8512056,-96.716469,"1"
311090031032,3103,2,1513,40.8379098,-96.7163821,"1"
311090031041,3104,1,883,40.8344256,-96.7320111,"1"
311090031042,3104,2,1694,40.8511895,-96.7236517,"1"
311090031043,3104,3,2025,40.8411203,-96.7298057,"1"
311090031044,3104,4,1491,40.8456225,-96.7265369,"1"
311090032021,3202,1,1653,40.8519461,-96.8009173,"1"
311090032022,3202,2,1401,40.8622808,-96.7915402,"1"
311090033011,3301,1,1260,40.8141453,-96.7444346,"1"
311090033012,3301,2,1292,40.8182587,-96.7491069,"1"
311090033013,3301,3,1685,40.8234416,-96.73238,"1"
311090033021,3302,1,2477,40.8355246,-96.7918272,"1"
311090033022,3302,2,2579,40.8306069,-96.7730873,"1"
311090034011,3401,1,1155,40.7954562,-96.7731024,"1"
311090034012,3401,2,1978,40.7955667,-96.7541559,"1"
311090034013,3401,3,2526,40.7899239,-96.7633999,"1"
311090034014,3401,4,840,40.791239,-96.7814777,"1"
311090034021,3402,1,1637,40.7964819,-96.7436168,"1"
311090034022,3402,2,1219,40.8068074,-96.7365712,"1"
311090034023,3402,3,1620,40.7941635,-96.7306025,"1"
311090034024,3402,4,2222,40.7881612,-96.7416656,"1"
311090035001,3500,1,204,40.781986,-96.7344412,"1"
311090036011,3601,1,1361,40.7700166,-96.7038431,"1"
311090036041,3604,1,1582,40.7670077,-96.7689946,"1"
311090036042,3604,2,2120,40.7191639,-96.7489601,"1"
311090036051,3605,1,1608,40.7596482,-96.6875398,"1"
311090036052,3605,2,1179,40.7603133,-96.7122914,"1"
311090036053,3605,3,857,40.7640668,-96.6950011,"1"
311090036071,3607,1,2264,40.7301326,-96.691525,"1"
311090036072,3607,2,2321,40.7362404,-96.6919375,"1"
311090036081,3608,1,1389,40.7389407,-96.710389,"1"
311090036091,3609,1,1305,40.7462545,-96.6962368,"1"
311090036092,3609,2,1224,40.7484503,-96.6871319,"1"
311090037041,3704,1,1495,40.7633222,-96.6725683,"1"
311090037042,3704,2,1282,40.7594519,-96.6800564,"1"
311090037043,3704,3,1110,40.7575555,-96.6564926,"1"
311090037044,3704,4,1346,40.7574277,-96.671023,"1"
311090037081,3708,1,1453,40.7439891,-96.6723672,"1"
311090037082,3708,2,1459,40.7500459,-96.678314,"1"
311090037083,3708,3,1336,40.7521469,-96.6689937,"1"
311090037091,3709,1,1578,40.7517076,-96.6577047,"1"
311090037092,3709,2,1121,40.7517496,-96.6485787,"1"
311090037093,3709,3,1165,40.7444945,-96.6582945,"1"
311090037094,3709,4,1046,40.7445873,-96.648446,"1"
311090037131,3713,1,1949,40.7451236,-96.6091634,"1"
311090037132,3713,2,980,40.7509711,-96.6253676,"1"
311090037141,3714,1,3323,40.7328482,-96.6360499,"1"
311090037142,3714,2,1788,40.7390555,-96.6252809,"1"
311090037151,3715,1,1333,40.7375683,-96.6587714,"1"
311090037152,3715,2,1035,40.7323609,-96.6524015,"1"
311090037161,3716,1,1733,40.7366489,-96.6684885,"1"
311090037162,3716,2,1962,40.7342896,-96.6770227,"1"
311090037163,3716,3,1316,40.7279793,-96.6682013,"1"
311090037181,3718,1,2025,40.7697179,-96.5965708,"1"
311090037182,3718,2,1117,40.7890453,-96.5837724,"1"
311090037191,3719,1,2171,40.7507701,-96.5938216,"1"
311090037192,3719,2,2033,40.7457826,-96.5987908,"1"
311090037193,3719,3,1931,40.7228856,-96.5868136,"1"
311090037211,3721,1,1527,40.7810356,-96.6198384,"1"
311090037212,3721,2,1359,40.7795008,-96.612327,"1"
311090037213,3721,3,1359,40.7733769,-96.6157029,"1"
311090037221,3722,1,1187,40.7835455,-96.6401736,"1"
311090037222,3722,2,677,40.7733368,-96.6339392,"1"
311090037231,3723,1,1332,40.7657673,-96.6395416,"1"
311090037232,3723,2,1206,40.7651818,-96.6299163,"1"
311090037233,3723,3,1007,40.758506,-96.6359434,"1"
311090037241,3724,1,1578,40.7653448,-96.6192787,"1"
311090037242,3724,2,1612,40.7587938,-96.6185582,"1"
311090037243,3724,3,1085,40.7588705,-96.6092423,"1"
311090037251,3725,1,2735,40.7190766,-96.6158188,"1"
311090037252,3725,2,657,40.7093745,-96.6284975,"1"
311090037261,3726,1,2452,40.7191575,-96.6729826,"1"
311090037262,3726,2,367,40.709469,-96.6601985,"1"
311090037271,3727,1,1051,40.8204106,-96.5779493,"1"
311090037272,3727,2,1600,40.8206712,-96.5970415,"1"
311090037281,3728,1,1781,40.8315771,-96.5963949,"1"
311090037282,3728,2,1429,40.8490322,-96.5974326,"1"
311090037283,3728,3,1187,40.8638673,-96.5769735,"1"
311090038011,3801,1,1131,40.7946591,-96.610747,"1"
311090038012,3801,2,1274,40.7947167,-96.6198404,"1"
311090038013,3801,3,1049,40.7878166,-96.6216133,"1"
311090038014,3801,4,1343,40.7871458,-96.6117045,"1"
311090038021,3802,1,1615,40.8078669,-96.6153265,"1"
311090038022,3802,2,1595,40.802936,-96.6146529,"1"
311090101001,10100,1,1145,40.9665454,-96.6284319,"1"
311090101002,10100,2,1732,40.9201925,-96.509772,"1"
311090101003,10100,3,2307,40.9096686,-96.5228807,"1"
311090101004,10100,4,1992,40.921916,-96.5316681,"1"
311090102021,10202,1,1466,40.8325845,-96.844332,"1"
311090102022,10202,2,1654,40.9639619,-96.8546639,"1"
311090102023,10202,3,1701,40.9713194,-96.7412991,"1"
311090102031,10203,1,601,40.8813898,-96.7236194,"1"
311090102032,10203,2,1115,40.8923294,-96.7503595,"1"
311090102041,10204,1,1021,40.8865118,-96.7101032,"1"
311090102042,10204,2,1034,40.8771308,-96.7060671,"1"
311090102043,10204,3,2512,40.8830846,-96.6926443,"1"
311090103001,10300,1,1735,40.7490942,-96.8630833,"1"
311090103002,10300,2,1286,40.6067687,-96.7197885,"1"
311090103003,10300,3,1560,40.6175228,-96.8287558,"1"
311090104011,10401,1,1786,40.6327549,-96.628314,"1"
311090104012,10401,2,2104,40.6468196,-96.6390135,"1"
311090104013,10401,3,940,40.6191145,-96.6236962,"1"
311090104021,10402,1,1740,40.5492099,-96.5816131,"1"
311090104022,10402,2,1252,40.6853692,-96.5066795,"1"
311090104023,10402,3,813,40.6031255,-96.5302729,"1"
311090104024,10402,4,1434,40.7157888,-96.5140646,"1"
311099832001,983200,1,8,40.8501788,-96.7605477,"1"
311119597001,959700,1,1212,41.2965695,-100.7245964,"2"
311119597002,959700,2,782,41.217715,-100.43786,"2"
311119597003,959700,3,633,41.0110558,-100.3084597,"2"
311119597004,959700,4,856,40.8685489,-100.4816018,"2"
311119598001,959800,1,998,41.2648591,-101.2072582,"2"
311119598002,959800,2,722,41.2730828,-101.0743105,"2"
311119598003,959800,3,1435,41.2809955,-100.8998597,"2"
311119599001,959900,1,1055,41.1444805,-100.7436441,"2"
311119599002,959900,2,962,41.1723164,-100.8220432,"2"
311119599003,959900,3,818,41.1550423,-100.7864972,"2"
311119599004,959900,4,565,41.1538152,-100.7718581,"2"
311119599005,959900,5,1163,41.144921,-100.7776396,"2"
311119599006,959900,6,587,41.1427794,-100.7599028,"2"
311119602001,960200,1,1219,41.1283503,-100.742829,"2"
311119602002,960200,2,1149,41.1339255,-100.7614352,"2"
311119602003,960200,3,646,41.1290836,-100.754135,"2"
311119602004,960200,4,1105,41.1340593,-100.7450601,"2"
311119603001,960300,1,871,41.1397371,-100.7743198,"2"
311119603002,960300,2,619,41.1370691,-100.7749232,"2"
311119603003,960300,3,603,41.1348466,-100.7764031,"2"
311119603004,960300,4,752,41.1298804,-100.767015,"2"
311119603005,960300,5,685,41.1294328,-100.772831,"2"
311119603006,960300,6,762,41.1301179,-100.7786779,"2"
311119604001,960400,1,667,41.140928,-100.7868295,"2"
311119604002,960400,2,1430,41.1403233,-100.8134937,"2"
311119604003,960400,3,742,41.1351131,-100.795083,"2"
311119604004,960400,4,664,41.1361864,-100.7874915,"2"
311119604005,960400,5,866,41.1299369,-100.7867931,"2"
311119604006,960400,6,1102,41.1295097,-100.7981459,"2"
311119605001,960500,1,912,41.12334,-100.78337,"2"
311119605002,960500,2,2394,41.1062953,-100.7660812,"2"
311119605003,960500,3,701,41.1236835,-100.7697422,"2"
311119605004,960500,4,1036,41.1229749,-100.7182552,"2"
311119606001,960600,1,1705,41.0184293,-100.712828,"2"
311119606002,960600,2,1341,41.032897,-101.0422318,"2"
311119606003,960600,3,917,40.8087435,-100.9631312,"2"
311139575001,957500,1,716,41.5421555,-100.4436647,"2"
311159728001,972800,1,607,41.9031834,-99.5098521,"2"
311179579001,957900,1,399,41.6484137,-101.1208507,"2"
311199606001,960600,1,1182,42.0289773,-97.3810475,"2"
311199606002,960600,2,1349,42.0233705,-97.4001457,"2"
311199606003,960600,3,1260,42.0380599,-97.400424,"2"
311199606004,960600,4,2364,42.0541698,-97.3832119,"2"
311199607001,960700,1,727,42.0742338,-97.4007278,"2"
311199607002,960700,2,1422,42.0571618,-97.4206016,"2"
311199607003,960700,3,983,42.0405389,-97.4181167,"2"
311199608011,960801,1,1192,42.0433424,-97.4405537,"2"
311199608012,960801,2,1331,42.0319454,-97.4404011,"2"
311199608013,960801,3,2464,42.0543589,-97.4363663,"2"
311199608021,960802,1,1003,42.0680572,-97.4752185,"2"
311199608022,960802,2,2559,42.0400291,-97.4581164,"2"
311199609001,960900,1,810,42.0380549,-97.4256825,"2"
311199609002,960900,2,951,42.031513,-97.4224007,"2"
311199609003,960900,3,814,42.0248841,-97.4228679,"2"
311199609004,960900,4,1049,42.026114,-97.4299707,"2"
311199609005,960900,5,849,42.0335058,-97.4290044,"2"
311199610001,961000,1,1288,42.031225,-97.4132202,"2"
311199610002,961000,2,1081,42.0239645,-97.4130856,"2"
311199610003,961000,3,644,42.0200027,-97.4131042,"2"
311199611001,961100,1,1043,41.9978495,-97.4280553,"2"
311199611002,961100,2,807,42.0142189,-97.4052663,"2"
311199612001,961200,1,1038,42.0065673,-97.6508713,"2"
311199612002,961200,2,1298,42.0117759,-97.5913595,"2"
311199612003,961200,3,1301,41.9818992,-97.7798154,"2"
311199613001,961300,1,836,41.9238481,-97.4360471,"2"
311199613002,961300,2,559,41.8224552,-97.5715455,"2"
311199613003,961300,3,924,41.8216722,-97.7649012,"2"
311199613004,961300,4,1508,41.8413727,-97.4297132,"2"
311199613005,961300,5,949,41.809667,-97.4378217,"2"
311219666001,966600,1,722,41.2127726,-97.9925866,"2"
311219666002,966600,2,1057,41.3009834,-97.7432608,"2"
311219667001,966700,1,686,40.9558708,-98.2363163,"2"
311219667002,966700,2,615,41.0699194,-98.1087808,"2"
311219667003,966700,3,1167,41.1403121,-98.2409863,"2"
311219668001,966800,1,1387,41.1058756,-97.9746695,"2"
311219668002,966800,2,920,41.1201336,-98.0180889,"2"
311219668003,966800,3,1114,41.0989685,-98.0160896,"2"
311239525001,952500,1,854,41.7296941,-102.8660453,"2"
311239525002,952500,2,1301,41.7661162,-103.3133154,"2"
311239525003,952500,3,1500,41.661639,-103.0964178,"2"
311239525004,952500,4,900,41.7070235,-103.2230684,"2"
311259661001,966100,1,1042,41.4498346,-97.7286924,"2"
311259661002,966100,2,655,41.361321,-98.0020009,"2"
311259661003,966100,3,616,41.3618355,-97.9566918,"2"
311259661004,966100,4,1067,41.3992317,-97.9988769,"2"
311279681001,968100,1,956,40.4866333,-95.7226428,"1"
311279681002,968100,2,1196,40.4596598,-95.9252539,"1"
311279681003,968100,3,1260,40.3275461,-95.8304862,"1"
311279682001,968200,1,805,40.399945,-95.858728,"1"
311279682002,968200,2,1228,40.3705355,-95.8679668,"1"
311279682003,968200,3,858,40.3855207,-95.8413821,"1"
311279682004,968200,4,771,40.3681039,-95.7952233,"1"
311299600001,960000,1,575,40.1113264,-97.9441778,"2"
311299600002,960000,2,910,40.2843223,-98.0084165,"2"
311299600003,960000,3,645,40.155221,-98.1876841,"2"
311299601001,960100,1,974,40.0282614,-98.0400992,"2"
311299601002,960100,2,991,40.0367793,-98.0889673,"2"
311319666001,966600,1,842,40.5736811,-95.9204603,"1"
311319666002,966600,2,1226,40.7040307,-95.9959373,"1"
311319667001,966700,1,1519,40.6458961,-96.1563475,"1"
311319667002,966700,2,1694,40.6745963,-96.197307,"1"
311319668001,966800,1,952,40.5917928,-96.3543935,"1"
311319668002,966800,2,2145,40.718179,-96.3407193,"1"
311319669001,966900,1,1869,40.6506186,-95.8788891,"1"
311319669002,966900,2,1275,40.6544558,-95.8236239,"1"
311319669003,966900,3,1452,40.6939652,-95.8653492,"1"
311319670001,967000,1,1126,40.6777304,-95.8531096,"1"
311319670002,967000,2,1203,40.6800045,-95.8662355,"1"
311319670003,967000,3,609,40.674462,-95.8592597,"1"
311339678001,967800,1,663,40.1295822,-96.3208046,"1"
311339678002,967800,2,849,40.16335,-96.0948881,"1"
311339678003,967800,3,1032,40.0584715,-96.1545298,"1"
311359593001,959300,1,751,40.8648767,-101.8121602,"2"
311359593002,959300,2,770,40.8371701,-101.4035841,"2"
311359593003,959300,3,1337,40.8789025,-101.712222,"2"
311379670001,967000,1,937,40.4413069,-99.3656237,"2"
311379670002,967000,2,895,40.4426135,-99.3740567,"2"
311379670003,967000,3,845,40.4235739,-99.3642195,"2"
311379671001,967100,1,913,40.4658554,-99.3442812,"2"
311379671002,967100,2,783,40.4747167,-99.3697689,"2"
311379671003,967100,3,844,40.4415046,-99.384157,"2"
311379671004,967100,4,763,40.4590395,-99.4287919,"2"
311379672001,967200,1,806,40.5202702,-99.5742995,"2"
311379672002,967200,2,1174,40.3869835,-99.5280043,"2"
311379672003,967200,3,1008,40.5902115,-99.3897578,"2"
311399791001,979100,1,804,42.3159519,-97.4572514,"2"
311399791002,979100,2,2164,42.2029754,-97.5265051,"2"
311399791003,979100,3,962,42.134258,-97.4680613,"2"
311399792001,979200,1,1031,42.4032432,-97.6739201,"2"
311399792002,979200,2,980,42.228083,-97.6889821,"2"
311399792003,979200,3,1376,42.3508561,-97.785891,"2"
311419651001,965100,1,1637,41.6637569,-97.5522832,"2"
311419651002,965100,2,832,41.63897,-97.739565,"2"
311419651003,965100,3,1182,41.6493192,-97.3601376,"2"
311419652981,965298,1,586,41.5500313,-97.5732864,"2"
311419652982,965298,2,798,41.483687,-97.5945553,"2"
311419652983,965298,3,1063,41.4027275,-97.5245641,"2"
311419652984,965298,4,888,41.5329014,-97.3587031,"2"
311419653011,965301,1,1341,41.4747732,-97.4167197,"2"
311419653012,965301,2,1759,41.4541596,-97.398685,"2"
311419653021,965302,1,1338,41.4405018,-97.3732219,"2"
311419653022,965302,2,2673,41.4478094,-97.3778651,"2"
311419653023,965302,3,1482,41.4477447,-97.3634904,"2"
311419654001,965400,1,1949,41.4702467,-97.2976135,"2"
311419654002,965400,2,1823,41.4457797,-97.3557666,"2"
311419654003,965400,3,1257,41.4557493,-97.3422177,"2"
311419655001,965500,1,1310,41.4157665,-97.3499507,"2"
311419655002,965500,2,1049,41.4185253,-97.2926324,"2"
311419655003,965500,3,666,41.4336708,-97.3442872,"2"
311419655004,965500,4,894,41.4254105,-97.3456452,"2"
311419655005,965500,5,1782,41.4261579,-97.335161,"2"
311419656001,965600,1,1072,41.4358446,-97.3548221,"2"
311419656002,965600,2,1549,41.4295026,-97.3591085,"2"
311419656003,965600,3,1166,41.424102,-97.35802,"2"
311419656004,965600,4,744,41.435988,-97.3643423,"2"
311419657001,965700,1,824,41.4328538,-97.4023908,"2"
311419657002,965700,2,1225,41.4331173,-97.3818544,"2"
311419657003,965700,3,705,41.4363756,-97.3728686,"2"
311419657004,965700,4,702,41.4299227,-97.3730304,"2"
311439600001,960000,1,1045,41.2572779,-97.5888002,"2"
311439600002,960000,2,1024,41.1991944,-97.5460668,"2"
311439601001,960100,1,1253,41.126772,-97.4743502,"2"
311439601002,960100,2,673,41.1002146,-97.7060465,"2"
311439601003,960100,3,1219,41.1118407,-97.5881737,"2"
311459631001,963100,1,1033,40.1777261,-100.5576767,"2"
311459631002,963100,2,961,40.2787132,-100.3150365,"2"
311459631003,963100,3,484,40.1204595,-100.3485799,"2"
311459632001,963200,1,1066,40.2297467,-100.6190981,"2"
311459632002,963200,2,1313,40.2282939,-100.6449701,"2"
311459632003,963200,3,1218,40.2037458,-100.6520935,"2"
311459632004,963200,4,615,40.2124137,-100.6252618,"2"
311459632005,963200,5,791,40.2081476,-100.6245405,"2"
311459633001,963300,1,745,40.2042475,-100.6284811,"2"
311459633002,963300,2,872,40.2237344,-100.5702859,"2"
311459633003,963300,3,793,40.2025885,-100.6205264,"2"
311459633004,963300,4,811,40.2011363,-100.6092597,"2"
311479645001,964500,1,748,40.1862907,-95.7402252,"1"
311479645002,964500,2,955,40.1306743,-95.5300269,"1"
311479685001,968500,1,642,40.0679763,-95.8421012,"1"
311479685002,968500,2,1112,40.196425,-95.9313958,"1"
311479686001,968600,1,1711,40.0972703,-95.6186614,"1"
311479686002,968600,2,882,40.0197195,-95.621126,"1"
311479686003,968600,3,952,40.052991,-95.5580597,"1"
311479686004,968600,4,869,40.061895,-95.6233772,"1"
311499746001,974600,1,559,42.394749,-99.4208512,"2"
311499746002,974600,2,703,42.5803706,-99.5426413,"2"
311519606011,960601,1,1804,40.6177275,-96.9231042,"1"
311519606012,960601,2,2438,40.6354343,-96.9322914,"2"
311519606021,960602,1,2089,40.6568707,-96.9827725,"2"
311519606022,960602,2,1374,40.6083001,-96.9631513,"2"
311519607001,960700,1,1029,40.6630742,-97.1689861,"2"
311519607002,960700,2,1016,40.6328827,-97.3034724,"2"
311519608001,960800,1,789,40.5168651,-97.1886501,"2"
311519608002,960800,2,627,40.4004282,-97.2475352,"2"
311519609001,960900,1,1395,40.5460222,-96.9790623,"2"
311519609002,960900,2,1731,40.415104,-96.9706366,"2"
311530101031,10103,1,1359,41.1756122,-95.9110495,"3"
311530101032,10103,2,1252,41.1606716,-95.904649,"3"
311530101033,10103,3,825,41.1513511,-95.89941,"3"
311530101034,10103,4,1273,41.170283,-95.8738402,"3"
311530101041,10104,1,824,41.1830592,-95.9271172,"3"
311530101042,10104,2,1351,41.1705815,-95.9217163,"3"
311530101051,10105,1,943,41.1558336,-95.9141366,"3"
311530101052,10105,2,1028,41.1620392,-95.9186737,"3"
311530101053,10105,3,1087,41.1524036,-95.9225217,"3"
311530101061,10106,1,751,41.1442638,-95.8975291,"3"
311530101062,10106,2,895,41.1428051,-95.9043687,"3"
311530101063,10106,3,1616,41.1470763,-95.9108891,"3"
311530101064,10106,4,1132,41.1400949,-95.8898367,"3"
311530101071,10107,1,1536,41.1838315,-95.9432968,"3"
311530101072,10107,2,1463,41.1680333,-95.9418911,"3"
311530101073,10107,3,996,41.1533638,-95.9433826,"3"
311530101081,10108,1,910,41.1818306,-95.9343567,"3"
311530101082,10108,2,1712,41.1672833,-95.9322408,"3"
311530101083,10108,3,1451,41.1501929,-95.9323434,"3"
311530102031,10203,1,1948,41.141719,-95.9765182,"3"
311530102032,10203,2,1556,41.1267645,-95.9913723,"3"
311530102033,10203,3,779,41.1368277,-95.9981698,"3"
311530102034,10203,4,1343,41.1287061,-95.9733203,"3"
311530102041,10204,1,1280,41.1327198,-95.963102,"3"
311530102042,10204,2,1241,41.1412984,-95.9560733,"3"
311530102043,10204,3,974,41.1319654,-95.9365587,"3"
311530102051,10205,1,1541,41.101908,-95.9614793,"3"
311530102052,10205,2,1895,41.0998293,-95.952754,"3"
311530102061,10206,1,679,41.1176613,-95.9525973,"3"
311530102062,10206,2,1091,41.1149109,-95.9628956,"3"
311530102063,10206,3,1205,41.1100512,-95.9598096,"3"
311530102064,10206,4,1092,41.1135809,-95.9533537,"3"
311530102071,10207,1,1320,41.1079186,-95.9374076,"3"
311530102072,10207,2,1088,41.1147218,-95.9426806,"3"
311530102081,10208,1,896,41.0857735,-95.8949942,"3"
311530102082,10208,2,891,41.0727206,-95.9732973,"3"
311530102083,10208,3,2587,41.0907618,-95.9392154,"3"
311530102091,10209,1,3426,41.1063685,-95.9863409,"3"
311530103021,10302,1,841,41.1178814,-95.9065457,"3"
311530103051,10305,1,1792,41.1237098,-95.945646,"3"
311530103061,10306,1,1012,41.1294495,-95.9591942,"3"
311530103062,10306,2,1725,41.122654,-95.9619582,"3"
311530104011,10401,1,1361,41.1381034,-95.9167185,"3"
311530104012,10401,2,1630,41.1438202,-95.9192538,"3"
311530104021,10402,1,972,41.1336308,-95.901229,"3"
311530104022,10402,2,852,41.1228633,-95.878678,"3"
311530104023,10402,3,824,41.1235545,-95.8949965,"3"
311530104024,10402,4,1021,41.1224722,-95.9034018,"3"
311530105021,10502,1,1091,41.1835177,-95.9817407,"3"
311530105022,10502,2,1110,41.1874412,-95.9719074,"3"
311530105023,10502,3,1196,41.1802545,-95.9723477,"3"
311530105024,10502,4,1082,41.1670882,-95.9764696,"3"
311530105031,10503,1,1115,41.1853847,-95.9897533,"3"
311530105032,10503,2,1174,41.1872136,-96.0018497,"3"
311530105033,10503,3,1230,41.1741421,-95.9893964,"3"
311530105041,10504,1,1742,41.1648181,-95.9569378,"3"
311530105042,10504,2,1418,41.152336,-95.9560627,"3"
311530105051,10505,1,947,41.1872723,-95.9527959,"3"
311530105052,10505,2,1120,41.1872382,-95.9625429,"3"
311530105053,10505,3,850,41.1764084,-95.9599537,"3"
311530105054,10505,4,929,41.1762837,-95.9501815,"3"
311530106141,10614,1,1412,41.1879811,-96.0288855,"3"
311530106142,10614,2,1334,41.1787867,-96.0295133,"3"
311530106143,10614,3,1282,41.1851655,-96.0407965,"3"
311530106144,10614,4,1103,41.1837692,-96.0304189,"3"
311530106151,10615,1,663,41.1860215,-96.0163379,"3"
311530106152,10615,2,1281,41.1796867,-96.0186043,"3"
311530106161,10616,1,1047,41.1726921,-96.0491118,"3"
311530106162,10616,2,1720,41.1712485,-96.0698609,"3"
311530106163,10616,3,1707,41.1642693,-96.0505558,"3"
311530106171,10617,1,1025,41.1669209,-96.0324208,"3"
311530106172,10617,2,678,41.1654368,-96.0406362,"3"
311530106173,10617,3,897,41.1641259,-96.029918,"3"
311530106174,10617,4,733,41.1581745,-96.0324357,"3"
311530106175,10617,5,1039,41.1728173,-96.0375265,"3"
311530106176,10617,6,975,41.1723042,-96.0284447,"3"
311530106191,10619,1,791,41.1511126,-96.0382144,"3"
311530106192,10619,2,843,41.1450689,-96.0374309,"3"
311530106193,10619,3,1148,41.141109,-96.0328576,"3"
311530106194,10619,4,1457,41.1479714,-96.029021,"3"
311530106201,10620,1,1537,41.1447287,-96.0138,"3"
311530106202,10620,2,1167,41.1279243,-96.0149078,"3"
311530106203,10620,3,3610,41.1260063,-96.032801,"3"
311530106211,10621,1,872,41.1850696,-96.0498017,"3"
311530106212,10621,2,1340,41.186891,-96.0567535,"3"
311530106213,10621,3,1098,41.1797013,-96.0568971,"3"
311530106214,10621,4,945,41.1782262,-96.0474248,"3"
311530106215,10621,5,1607,41.1856892,-96.0455272,"3"
311530106221,10622,1,1435,41.1865535,-96.073347,"3"
311530106222,10622,2,1030,41.1788226,-96.0762551,"3"
311530106223,10622,3,1308,41.1811082,-96.0659831,"3"
311530106231,10623,1,1136,41.1469208,-96.047526,"3"
311530106232,10623,2,1594,41.1509972,-96.0573152,"3"
311530106233,10623,3,1171,41.1443759,-96.0568114,"3"
311530106234,10623,4,1921,41.1589443,-96.0749015,"1"
311530106241,10624,1,1328,41.1289568,-96.0763867,"1"
311530106242,10624,2,1806,41.1289289,-96.0524476,"1"
311530106243,10624,3,884,41.1403539,-96.0723579,"1"
311530106244,10624,4,2534,41.1365626,-96.0529691,"1"
311530106251,10625,1,945,41.1890924,-96.1435771,"1"
311530106252,10625,2,1254,41.1875012,-96.1531378,"1"
311530106253,10625,3,1746,41.1801965,-96.1531514,"1"
311530106254,10625,4,1238,41.1820452,-96.1435076,"1"
311530106261,10626,1,1534,41.187642,-96.1680356,"1"
311530106262,10626,2,1895,41.1804754,-96.1720431,"1"
311530106263,10626,3,2162,41.1802992,-96.162688,"1"
311530106271,10627,1,1213,41.187726,-96.1926764,"1"
311530106272,10627,2,2006,41.1821806,-96.1866999,"1"
311530106291,10629,1,2090,41.1642506,-96.1171898,"1"
311530106292,10629,2,1675,41.1361132,-96.1315426,"1"
311530106301,10630,1,2522,41.1831744,-96.225002,"1"
311530106302,10630,2,1231,41.1868254,-96.2011974,"1"
311530106303,10630,3,2689,41.1822972,-96.2087502,"1"
311530106311,10631,1,2022,41.1598987,-96.2844653,"1"
311530106312,10631,2,1323,41.1681393,-96.2435394,"1"
311530106313,10631,3,1815,41.1404875,-96.2470633,"1"
311530106321,10632,1,552,41.1432239,-96.2366258,"1"
311530106322,10632,2,2046,41.1301127,-96.2351454,"1"
311530106323,10632,3,2253,41.1396489,-96.2248919,"1"
311530106324,10632,4,1812,41.1577413,-96.2137066,"1"
311530106331,10633,1,1761,41.186119,-96.1139083,"1"
311530106332,10633,2,818,41.1733986,-96.1361765,"1"
311530106333,10633,3,679,41.1759063,-96.1305216,"1"
311530106341,10634,1,709,41.1872552,-96.1355895,"1"
311530106342,10634,2,1046,41.1886988,-96.1259356,"1"
311530106343,10634,3,1001,41.185264,-96.1259952,"1"
311530106351,10635,1,1928,41.1730071,-96.1687894,"1"
311530106352,10635,2,928,41.1593344,-96.1617807,"1"
311530106361,10636,1,2425,41.1689423,-96.1862829,"1"
311530106362,10636,2,2922,41.1451805,-96.1862163,"1"
311530106371,10637,1,2121,41.1639534,-96.0064499,"3"
311530106372,10637,2,1835,41.1772089,-96.0100796,"3"
311530106381,10638,1,1561,41.1575261,-96.016437,"3"
311530106382,10638,2,1604,41.1551673,-96.0068714,"3"
311530106383,10638,3,1235,41.1497038,-95.979477,"3"
311530107011,10701,1,1495,41.0944592,-96.2418954,"1"
311530107012,10701,2,1064,41.037789,-96.2067283,"1"
311530107021,10702,1,714,41.0810724,-96.1342764,"1"
311530107022,10702,2,1043,41.0822991,-96.1250673,"1"
311530107023,10702,3,1184,41.0700243,-96.0768404,"1"
311530107024,10702,4,780,41.1100612,-96.0848546,"1"
311559681001,968100,1,1229,41.3720347,-96.4930441,"1"
311559681002,968100,2,1231,41.3248204,-96.5759343,"1"
311559681003,968100,3,869,41.4007613,-96.6457892,"1"
311559682001,968200,1,1237,41.3399848,-96.8298109,"1"
311559682002,968200,2,821,41.2304382,-96.6946275,"1"
311559682003,968200,3,1563,41.1380044,-96.8296001,"1"
311559682004,968200,4,1661,41.083935,-96.6929559,"1"
311559683001,968300,1,1866,41.2122882,-96.5922584,"1"
311559683002,968300,2,1310,41.2312828,-96.6369865,"1"
311559683003,968300,3,1323,41.1944024,-96.6452393,"1"
311559683004,968300,4,731,41.2091906,-96.6180389,"1"
311559684001,968400,1,1504,41.2125966,-96.5317254,"1"
311559684002,968400,2,1563,41.1249485,-96.4352248,"1"
311559684003,968400,3,1816,41.2549335,-96.3921148,"1"
311559685001,968500,1,1793,41.0305365,-96.4100809,"1"
311559685002,968500,2,1761,41.0415782,-96.3528859,"1"
311579529001,952900,1,780,41.813538,-103.4987067,"2"
311579529002,952900,2,1951,41.8977908,-103.4924555,"2"
311579530001,953000,1,855,41.9492794,-103.8204118,"2"
311579530002,953000,2,970,41.9266085,-103.799347,"2"
311579530003,953000,3,1192,41.963627,-103.7692833,"2"
311579531001,953100,1,740,41.9051012,-103.882554,"2"
311579531002,953100,2,798,41.9744579,-103.9306496,"2"
311579531003,953100,3,694,41.945862,-104.0092818,"2"
311579532001,953200,1,705,41.7355846,-103.5034908,"2"
311579532002,953200,2,861,41.7794718,-103.8546449,"2"
311579533001,953300,1,1426,41.8883636,-103.6956735,"2"
311579533002,953300,2,1213,41.8792888,-103.6779309,"2"
311579533003,953300,3,768,41.8700465,-103.6828889,"2"
311579534001,953400,1,921,41.8765762,-103.614149,"2"
311579534002,953400,2,1507,41.8790348,-103.6546043,"2"
311579534003,953400,3,738,41.8845138,-103.6461084,"2"
311579535001,953500,1,860,41.870375,-103.6605261,"2"
311579535002,953500,2,908,41.8698469,-103.6678893,"2"
311579535003,953500,3,1191,41.863537,-103.6618713,"2"
311579536001,953600,1,1059,41.8621528,-103.6707074,"2"
311579536002,953600,2,1087,41.8628132,-103.6795544,"2"
311579536003,953600,3,826,41.8582659,-103.6913643,"2"
311579537001,953700,1,1289,41.8489703,-103.6292123,"2"
311579537002,953700,2,830,41.864854,-103.6511242,"2"
311579537003,953700,3,987,41.8585743,-103.6545391,"2"
311579537004,953700,4,706,41.8612754,-103.6461443,"2"
311579538001,953800,1,957,41.8329936,-103.6347343,"2"
311579538002,953800,2,811,41.8246747,-103.6594157,"2"
311579538003,953800,3,1062,41.8175435,-103.6658817,"2"
311579538004,953800,4,1093,41.8159966,-103.6451005,"2"
311579538005,953800,5,967,41.7988102,-103.6505864,"2"
311579539001,953900,1,855,41.8471295,-103.6705527,"2"
311579539002,953900,2,660,41.8384185,-103.704118,"2"
311579539003,953900,3,1354,41.8357367,-103.6748721,"2"
311579539004,953900,4,961,41.825905,-103.666423,"2"
311579539005,953900,5,1502,41.8155686,-103.6826037,"2"
311599601001,960100,1,1745,40.9209527,-96.9772192,"2"
311599601002,960100,2,1161,40.9750145,-97.1560008,"2"
311599601003,960100,3,1564,40.9090712,-97.2825851,"2"
311599602001,960200,1,1386,40.8838129,-97.0974739,"2"
311599602002,960200,2,1154,40.9257932,-97.1245016,"2"
311599603001,960300,1,1730,40.9216293,-97.0591592,"2"
311599603002,960300,2,1855,40.9221014,-97.0962899,"2"
311599603003,960300,3,1907,40.9085467,-97.0802135,"2"
311599604001,960400,1,1396,40.7501866,-96.9977914,"2"
311599604002,960400,2,1231,40.7644903,-97.2455339,"2"
311599604003,960400,3,1573,40.7906078,-97.0705675,"2"
311599604004,960400,4,907,40.7875169,-97.048753,"2"
311619516001,951600,1,1080,42.8363724,-102.2311718,"2"
311619516002,951600,2,1001,42.8180008,-102.1949124,"2"
311619517001,951700,1,885,42.7164125,-102.4587934,"2"
311619517002,951700,2,641,42.6920633,-102.6949507,"2"
311619517003,951700,3,1520,42.4458724,-102.4260619,"2"
311639701001,970100,1,1007,41.1854653,-99.0698735,"2"
311639701002,970100,2,1054,41.2705133,-98.8623705,"2"
311639701003,970100,3,898,41.2711831,-98.9556972,"2"
311659501001,950100,1,596,42.740238,-103.7168593,"2"
311659501002,950100,2,539,42.2353534,-103.763139,"2"
311679621001,962100,1,760,41.9529631,-97.0936579,"2"
311679621002,962100,2,685,41.822754,-97.2226446,"2"
311679622001,962200,1,1490,42.0224963,-97.2490374,"2"
311679622002,962200,2,810,41.9368823,-97.2397571,"2"
311679622003,962200,3,794,41.9781604,-97.2176103,"2"
311679622004,962200,4,1303,42.0733594,-97.3421424,"2"
311699631001,963100,1,1322,40.1264124,-97.738518,"2"
311699631002,963100,2,1335,40.2863832,-97.5687189,"2"
311699632001,963200,1,1467,40.1677621,-97.5864942,"2"
311699632002,963200,2,910,40.1036168,-97.5104902,"2"
311719571001,957100,1,669,41.8557296,-100.5247028,"2"
311739401001,940100,1,585,42.0977456,-96.599392,"3"
311739401002,940100,2,886,42.1581179,-96.5028366,"3"
311739401003,940100,3,1192,42.1029005,-96.7178673,"3"
311739401004,940100,4,1518,42.1012056,-96.3592531,"3"
311739402001,940200,1,1941,42.2528586,-96.4049913,"3"
311739402002,940200,2,651,42.2155041,-96.6601543,"3"
311759713001,971300,1,834,41.5687373,-98.8652349,"2"
311759713002,971300,2,894,41.563912,-99.1063785,"2"
311759714001,971400,1,878,41.6207841,-98.9477284,"2"
311759714002,971400,2,771,41.5632584,-98.9404252,"2"
311759714003,971400,3,682,41.5532456,-98.8947028,"2"
311770501011,50101,1,659,41.5488503,-96.1457688,"3"
311770501012,50101,2,1474,41.5279388,-96.1696561,"3"
311770501013,50101,3,1001,41.5569494,-96.1741518,"3"
311770501021,50102,1,1453,41.5696153,-96.1411488,"3"
311770501022,50102,2,1184,41.554085,-96.1017719,"3"
311770501023,50102,3,1072,41.5185004,-96.136961,"3"
311770501024,50102,4,1613,41.5461462,-96.1353819,"3"
311770502011,50201,1,862,41.574826,-96.1702858,"3"
311770502012,50201,2,1836,41.4717038,-96.1449185,"3"
311770502013,50201,3,1859,41.4227991,-96.1048221,"3"
311770502021,50202,1,1671,41.4623144,-96.0524741,"3"
311770502022,50202,2,790,41.4113871,-96.0376342,"3"
311770502023,50202,3,958,41.4548939,-95.992737,"3"
311770503001,50300,1,839,41.5848273,-96.3744174,"3"
311770503002,50300,2,987,41.6160504,-96.2433448,"3"
311770503003,50300,3,1496,41.4692492,-96.3764246,"1"
311770503004,50300,4,1111,41.4451934,-96.2610423,"3"
311799786001,978600,1,750,42.2912313,-97.2175439,"2"
311799786002,978600,2,695,42.2119775,-97.182981,"2"
311799786003,978600,3,826,42.1269503,-97.2614516,"2"
311799786004,978600,4,1211,42.1704597,-96.9694628,"2"
311799787001,978700,1,941,42.2523212,-96.9911774,"2"
311799787002,978700,2,1251,42.2499773,-97.0275491,"2"
311799787003,978700,3,778,42.2194776,-97.0281221,"2"
311799787004,978700,4,689,42.2324791,-97.0223776,"2"
311799787005,978700,5,918,42.2132358,-96.989849,"2"
311799787006,978700,6,1638,42.2388362,-97.0143052,"2"
311819650001,965000,1,792,40.2407432,-98.4906581,"2"
311819650002,965000,2,909,40.3280188,-98.4533999,"2"
311819651001,965100,1,879,40.0766361,-98.507232,"2"
311819651002,965100,2,815,40.1031119,-98.5375693,"2"
311839736001,973600,1,774,41.9225747,-98.5208533,"2"
311859696001,969600,1,1491,40.9516122,-97.4720201,"2"
311859696002,969600,2,1204,40.9381546,-97.7006439,"2"
311859697001,969700,1,1363,40.8803951,-97.548119,"2"
311859697002,969700,2,946,40.890078,-97.6070707,"2"
311859697003,969700,3,740,40.8760827,-97.5876594,"2"
311859697004,969700,4,1237,40.8707123,-97.5826092,"2"
311859698001,969800,1,1013,40.8678553,-97.591861,"2"
311859698002,969800,2,1837,40.8469354,-97.6091439,"2"
311859698003,969800,3,1767,40.8361197,-97.5684589,"2"
311859699001,969900,1,1359,40.7623747,-97.5898837,"2"
311859699002,969900,2,1168,40.7927071,-97.7928431,"2"
