"GEOCODE","TRACT","BLKGRP","POP100","INTPTLAT","INTPTLON","CLUSTER"
330019651001,965100,1,1040,43.7027754,-71.5104427,"1"
330019651002,965100,2,1178,43.6511696,-71.6135268,"2"
330019651003,965100,3,1199,43.5849693,-71.6826051,"2"
330019652001,965200,1,1246,43.6533674,-71.4325376,"1"
330019652002,965200,2,883,43.6618789,-71.4876332,"1"
330019652003,965200,3,853,43.6691439,-71.5055759,"1"
330019653001,965300,1,1030,43.5878624,-71.5769608,"1"
330019653002,965300,2,1460,43.6327335,-71.5122837,"1"
330019653003,965300,3,1190,43.6458672,-71.4970972,"1"
330019654001,965400,1,979,43.5267505,-71.5288905,"1"
330019654002,965400,2,2047,43.5296334,-71.6143217,"2"
330019655981,965598,1,1361,43.4471884,-71.6079499,"2"
330019655982,965598,2,1341,43.4645379,-71.5959725,"2"
330019655983,965598,3,1260,43.4792656,-71.5462631,"1"
330019656001,965600,1,1349,43.3952459,-71.4061354,"1"
330019656002,965600,2,1564,43.4254815,-71.3673555,"1"
330019656003,965600,3,1032,43.45631,-71.3224466,"1"
330019657001,965700,1,2230,43.3730428,-71.2260242,"1"
330019657002,965700,2,1505,43.3312469,-71.2328296,"1"
330019657003,965700,3,1180,43.3815767,-71.2947998,"1"
330019658011,965801,1,1041,43.4581286,-71.506397,"1"
330019658012,965801,2,1435,43.4961936,-71.484772,"1"
330019658013,965801,3,763,43.4829652,-71.5141276,"1"
330019658021,965802,1,1931,43.479148,-71.4496499,"1"
330019658022,965802,2,818,43.4370013,-71.4956818,"1"
330019658023,965802,3,1326,43.4353879,-71.4558139,"1"
330019659001,965900,1,985,43.5096502,-71.4525335,"1"
330019659002,965900,2,756,43.5259749,-71.4650176,"1"
330019659003,965900,3,1002,43.5296223,-71.4631123,"1"
330019659004,965900,4,1349,43.5234614,-71.456214,"1"
330019660001,966000,1,992,43.5147993,-71.4656836,"1"
330019660002,966000,2,623,43.5171026,-71.4745342,"1"
330019660003,966000,3,963,43.5265654,-71.4747909,"1"
330019660004,966000,4,1114,43.5343073,-71.4860355,"1"
330019660005,966000,5,1360,43.5755904,-71.5084002,"1"
330019661001,966100,1,1017,43.5320916,-71.4681695,"1"
330019661002,966100,2,1224,43.544821,-71.4784835,"1"
330019661003,966100,3,841,43.5650835,-71.46474,"1"
330019661004,966100,4,606,43.5962417,-71.4871869,"1"
330019661005,966100,5,805,43.5982384,-71.4737471,"1"
330019662001,966200,1,1445,43.5918678,-71.4528247,"1"
330019662002,966200,2,1789,43.5447261,-71.4589467,"1"
330019664011,966401,1,1460,43.6110999,-71.3675435,"1"
330019664031,966403,1,1107,43.5473439,-71.4474548,"1"
330019664032,966403,2,1300,43.5598119,-71.4179363,"1"
330019664033,966403,3,1550,43.5588817,-71.3560635,"1"
330019664041,966404,1,864,43.5285418,-71.4237126,"1"
330019664042,966404,2,1418,43.5194993,-71.3758377,"1"
330019665011,966501,1,1517,43.4017925,-71.21898,"1"
330019665012,966501,2,1565,43.5125601,-71.2948927,"1"
330019665021,966502,1,1456,43.4981303,-71.2053916,"1"
330019665022,966502,2,794,43.5166875,-71.2412074,"1"
330019665023,966502,3,562,43.5320705,-71.2604928,"1"
330039551011,955101,1,2062,44.1721655,-71.2549813,"1"
330039551021,955102,1,792,44.1107245,-71.1586658,"1"
330039551022,955102,2,1037,44.0474989,-71.234278,"1"
330039551023,955102,3,537,44.1053585,-71.1158186,"1"
330039553011,955301,1,792,44.0405495,-71.0600612,"1"
330039553012,955301,2,946,44.0657729,-71.1263818,"1"
330039553013,955301,3,590,44.127498,-71.0606912,"1"
330039553014,955301,4,451,44.0503867,-71.1211222,"1"
330039553021,955302,1,1066,44.0370373,-71.15126,"1"
330039553022,955302,2,544,44.0246879,-71.1300866,"1"
330039553023,955302,3,1360,44.0062072,-71.1050752,"1"
330039554011,955401,1,687,43.9890455,-71.1327269,"1"
330039554012,955401,2,661,43.9696925,-71.132024,"1"
330039554013,955401,3,963,43.9452571,-71.1013141,"1"
330039554021,955402,1,718,43.9526656,-71.0430376,"1"
330039554022,955402,2,1385,43.979257,-71.0129382,"1"
330039555001,955500,1,1490,43.8931671,-71.0829631,"1"
330039555002,955500,2,1052,43.9259135,-71.131951,"1"
330039555003,955500,3,428,43.921573,-71.1804251,"1"
330039556011,955601,1,1283,43.7990664,-71.2901231,"1"
330039556012,955601,2,1466,43.8385644,-71.443132,"1"
330039556021,955602,1,1480,43.8918137,-71.2713128,"1"
330039556022,955602,2,808,43.9594503,-71.2742511,"1"
330039558011,955801,1,1014,43.7340984,-71.029959,"1"
330039558012,955801,2,677,43.7713429,-71.0289904,"1"
330039558021,955802,1,614,43.8240194,-71.0089415,"1"
330039558022,955802,2,360,43.7989843,-71.1307103,"1"
330039558023,955802,3,715,43.8306294,-71.1096929,"1"
330039559011,955901,1,1153,43.7626723,-71.2143576,"1"
330039559012,955901,2,1038,43.7820282,-71.1521007,"1"
330039559021,955902,1,1195,43.6809557,-71.0820499,"1"
330039559022,955902,2,986,43.7139285,-71.1464437,"1"
330039560001,956000,1,1182,43.6513992,-70.9978288,"1"
330039560002,956000,2,684,43.5282038,-70.9987149,"1"
330039560003,956000,3,587,43.5698275,-70.975369,"1"
330039560004,956000,4,1272,43.5708393,-71.0768206,"1"
330039560005,956000,5,1227,43.6149281,-71.0314091,"1"
330039560006,956000,6,1004,43.5228828,-71.0191718,"1"
330039561011,956101,1,1194,43.6499791,-71.179177,"1"
330039561012,956101,2,1005,43.6036311,-71.2324038,"1"
330039561013,956101,3,610,43.5819644,-71.2283981,"1"
330039561014,956101,4,663,43.5867096,-71.2647779,"1"
330039561021,956102,1,751,43.6433328,-71.1138176,"1"
330039561022,956102,2,850,43.5928449,-71.1574605,"1"
330039561023,956102,3,1343,43.564945,-71.1763161,"1"
330039563011,956301,1,796,43.7510385,-71.4462988,"1"
330039563012,956301,2,1443,43.6821896,-71.3798047,"1"
330039563021,956302,1,1327,43.7247587,-71.3445035,"1"
330039563022,956302,2,779,43.7337498,-71.3716094,"1"
330039563023,956302,3,573,43.763826,-71.3993339,"1"
330039564001,956400,1,1043,43.731589,-71.2550505,"1"
330039564002,956400,2,978,43.6492194,-71.2412118,"1"
330039564003,956400,3,446,43.6246189,-71.3074865,"1"
330059701001,970100,1,1572,43.0155603,-72.2911576,"2"
330059701002,970100,2,918,43.0917418,-72.3103211,"2"
330059701003,970100,3,946,43.1538054,-72.3194502,"2"
330059701004,970100,4,749,43.1385439,-72.2087693,"2"
330059702001,970200,1,932,43.1508385,-72.4360397,"2"
330059702002,970200,2,1471,43.0939602,-72.4004014,"2"
330059702003,970200,3,1230,43.0411079,-72.4074892,"2"
330059704011,970401,1,984,42.9485356,-72.068986,"2"
330059704012,970401,2,1532,42.8892794,-72.0698494,"2"
330059704021,970402,1,1374,43.0763141,-72.1139519,"2"
330059704022,970402,2,1507,42.9885584,-72.1622203,"2"
330059705001,970500,1,1467,42.8011411,-71.9989305,"2"
330059705002,970500,2,1765,42.8327479,-72.0002817,"2"
330059705003,970500,3,1205,42.803074,-72.0935379,"2"
330059705004,970500,4,883,42.8548342,-72.0763387,"2"
330059706001,970600,1,2573,42.7711839,-71.999703,"2"
330059706002,970600,2,2425,42.7534524,-72.0504247,"2"
330059706003,970600,3,1478,42.7293624,-71.9677672,"2"
330059707001,970700,1,781,42.7607661,-72.1035259,"2"
330059707002,970700,2,702,42.7534108,-72.1389042,"2"
330059707003,970700,3,868,42.7541063,-72.1826263,"2"
330059707004,970700,4,1197,42.7734838,-72.2787451,"2"
330059708001,970800,1,841,42.8827594,-72.2079743,"2"
330059708002,970800,2,1255,42.8862255,-72.1776835,"2"
330059708003,970800,3,867,42.8316228,-72.1566078,"2"
330059708004,970800,4,1263,42.8233141,-72.2182361,"2"
330059709011,970901,1,773,42.8943302,-72.2718928,"2"
330059709012,970901,2,1951,42.841529,-72.268629,"2"
330059709013,970901,3,1631,42.8872435,-72.2578991,"2"
330059709021,970902,1,1385,42.8877691,-72.3451103,"2"
330059709022,970902,2,1530,42.8467521,-72.325694,"2"
330059710001,971000,1,1371,42.9447238,-72.30672,"2"
330059710002,971000,2,1281,42.9834698,-72.2721561,"2"
330059710003,971000,3,1807,42.966607,-72.3141893,"2"
330059710004,971000,4,1441,42.9667529,-72.3307909,"2"
330059711001,971100,1,1182,42.9243798,-72.2489178,"2"
330059711002,971100,2,1250,42.9329254,-72.2704035,"2"
330059711003,971100,3,895,42.9361045,-72.2731365,"2"
330059711004,971100,4,926,42.953522,-72.2471897,"2"
330059711005,971100,5,867,42.9489083,-72.272864,"2"
330059713001,971300,1,925,42.9378326,-72.27928,"2"
330059713002,971300,2,1311,42.945207,-72.2815286,"2"
330059713003,971300,3,1370,42.9389116,-72.288129,"2"
330059714021,971402,1,1063,42.9281496,-72.3003363,"2"
330059714022,971402,2,1494,42.9413063,-72.3499947,"2"
330059714023,971402,3,1405,42.9652802,-72.3565202,"2"
330059714031,971403,1,2000,42.9148519,-72.3061857,"2"
330059714032,971403,2,923,42.930278,-72.283006,"2"
330059714033,971403,3,1536,42.9265398,-72.2803481,"2"
330059715001,971500,1,1706,42.9680753,-72.4308561,"2"
330059715002,971500,2,1716,42.8903978,-72.502989,"2"
330059715003,971500,3,1836,42.8753778,-72.4046868,"2"
330059716001,971600,1,1271,42.8326926,-72.5259524,"2"
330059716002,971600,2,2023,42.8274863,-72.4930285,"2"
330059716003,971600,3,654,42.7665704,-72.4709672,"2"
330059717001,971700,1,1363,42.8118002,-72.4162249,"2"
330059717002,971700,2,953,42.7592091,-72.4227364,"2"
330059717003,971700,3,1107,42.7430029,-72.3636757,"2"
330059717004,971700,4,727,42.8077427,-72.3515155,"2"
330079501001,950100,1,454,45.0585436,-71.2170876,"1"
330079501002,950100,2,640,45.1783538,-71.3096262,"1"
330079501003,950100,3,813,44.9606699,-71.4069908,"1"
330079502001,950200,1,1422,44.9074134,-71.3985132,"1"
330079502002,950200,2,662,44.8806855,-71.4579285,"1"
330079502003,950200,3,659,44.8161845,-71.512441,"1"
330079503001,950300,1,678,44.7891093,-71.1868599,"1"
330079503002,950300,2,1362,44.5402176,-71.1506891,"1"
330079504001,950400,1,931,44.5684949,-71.5193004,"1"
330079504002,950400,2,648,44.6286984,-71.5140613,"1"
330079504003,950400,3,547,44.6083206,-71.5385391,"1"
330079504004,950400,4,662,44.7150525,-71.5275395,"1"
330079504005,950400,5,479,44.643827,-71.3696133,"1"
330079505001,950500,1,1021,44.5045633,-71.5352943,"1"
330079505002,950500,2,1127,44.44566,-71.6231496,"1"
330079505003,950500,3,1070,44.4881133,-71.4465463,"1"
330079506001,950600,1,1681,44.500217,-71.145757,"1"
330079506002,950600,2,1060,44.4744595,-71.1613369,"1"
330079506003,950600,3,695,44.4727781,-71.1783913,"1"
330079506004,950600,4,699,44.4613547,-71.1648014,"1"
330079507001,950700,1,692,44.4998718,-71.1748514,"1"
330079507002,950700,2,570,44.4769152,-71.1810664,"1"
330079507003,950700,3,726,44.5114259,-71.1978223,"1"
330079507004,950700,4,1101,44.484792,-71.1703195,"1"
330079508001,950800,1,672,44.463213,-71.1861815,"1"
330079508002,950800,2,921,44.4843279,-71.2771227,"1"
330079508003,950800,3,608,44.4719715,-71.1892612,"1"
330079509001,950900,1,737,44.289758,-71.1521975,"1"
330079509002,950900,2,672,44.3711195,-71.2080533,"1"
330079509003,950900,3,855,44.4172372,-71.2314888,"1"
330079509004,950900,4,789,44.413302,-71.1693862,"1"
330079510001,951000,1,1025,44.4012535,-71.466805,"1"
330079510002,951000,2,1167,44.3136679,-71.4028281,"1"
330079511001,951100,1,1224,44.3436549,-71.6219683,"1"
330079511002,951100,2,1266,44.4120319,-71.5773345,"1"
330079511003,951100,3,933,44.3947733,-71.6889073,"1"
330099601011,960101,1,1750,44.3185164,-71.7439753,"1"
330099601012,960101,2,1162,44.3556958,-71.779513,"2"
330099601021,960102,1,1230,44.3046134,-71.7638655,"2"
330099601022,960102,2,841,44.3099225,-71.7921265,"2"
330099601023,960102,3,1022,44.3114185,-71.8584956,"2"
330099602001,960200,1,1267,44.2270211,-71.5714589,"1"
330099602002,960200,2,1217,44.3014429,-71.6645505,"1"
330099602003,960200,3,996,44.2223004,-71.7830818,"2"
330099602004,960200,4,734,44.1770455,-71.6187325,"1"
330099603001,960300,1,701,44.2224157,-71.8771734,"2"
330099603002,960300,2,920,44.2500204,-71.8715416,"2"
330099603003,960300,3,1449,44.2841128,-71.9643896,"2"
330099603004,960300,4,320,44.1782047,-72.0281041,"2"
330099603005,960300,5,1495,44.1453621,-71.8646688,"2"
330099604011,960401,1,1415,43.9478765,-71.6357846,"1"
330099604012,960401,2,1293,43.9041349,-71.6861673,"2"
330099604021,960402,1,645,44.0432281,-71.6743123,"1"
330099604022,960402,2,1496,44.1008199,-71.4940493,"1"
330099605001,960500,1,1038,44.0359247,-71.8465565,"2"
330099605002,960500,2,770,43.9998891,-71.7144474,"2"
330099605003,960500,3,825,43.9658028,-71.8591167,"2"
330099606001,960600,1,1762,44.0418041,-71.990934,"2"
330099606002,960600,2,1043,44.0997528,-71.9854747,"2"
330099606003,960600,3,1780,44.1089575,-72.0471623,"2"
330099607001,960700,1,845,43.8587205,-71.9237177,"2"
330099607002,960700,2,1237,43.8833326,-72.0338448,"2"
330099607003,960700,3,769,43.9618509,-72.0012935,"2"
330099608011,960801,1,1254,43.8328337,-71.6967335,"2"
330099608012,960801,2,971,43.8131095,-71.5709026,"1"
330099608013,960801,3,1118,43.8193319,-71.6534648,"2"
330099608021,960802,1,698,43.7981023,-71.8263816,"2"
330099608022,960802,2,893,43.8347065,-71.7743353,"2"
330099609001,960900,1,1002,43.84043,-72.0877606,"2"
330099609002,960900,2,743,43.7742391,-72.1165383,"2"
330099609003,960900,3,700,43.7658493,-71.9513322,"2"
330099609004,960900,4,840,43.718745,-71.7906961,"2"
330099610011,961001,1,932,43.7826625,-71.7277273,"2"
330099610012,961001,2,1860,43.7628664,-71.6906507,"2"
330099610013,961001,3,546,43.7646875,-71.7023358,"2"
330099610021,961002,1,1152,43.7547174,-71.6919238,"2"
330099610022,961002,2,2192,43.7144891,-71.7227474,"2"
330099611011,961101,1,476,43.6909771,-71.6406973,"2"
330099611012,961101,2,690,43.7259668,-71.6425789,"2"
330099611013,961101,3,772,43.7020507,-71.604777,"1"
330099611021,961102,1,688,43.7528456,-71.539223,"1"
330099611022,961102,2,1316,43.7729816,-71.6212331,"1"
330099612011,961201,1,794,43.576026,-71.7394121,"2"
330099612012,961201,2,770,43.606915,-71.753161,"2"
330099612013,961201,3,1375,43.6244148,-71.7103242,"2"
330099612021,961202,1,1160,43.6512471,-71.6860046,"2"
330099612022,961202,2,305,43.6423173,-71.7751111,"2"
330099613001,961300,1,1776,43.6223223,-71.8562773,"2"
330099613002,961300,2,843,43.6292029,-71.9318966,"2"
330099613003,961300,3,819,43.570019,-71.9957323,"2"
330099614001,961400,1,1289,43.6768567,-72.0070913,"2"
330099614002,961400,2,1403,43.636129,-72.0423982,"2"
330099614003,961400,3,1102,43.703604,-72.0972672,"2"
330099615001,961500,1,1011,43.6501934,-72.1557557,"2"
330099615002,961500,2,1577,43.6017236,-72.080476,"2"
330099615003,961500,3,730,43.5699684,-72.1135964,"2"
330099615004,961500,4,1147,43.6158101,-72.1650702,"2"
330099616011,961601,1,1409,43.7429169,-72.218386,"2"
330099616012,961601,2,1383,43.6953261,-72.1653757,"2"
330099616031,961603,1,1043,43.7235482,-72.273398,"2"
330099616032,961603,2,993,43.7140321,-72.261723,"2"
330099616033,961603,3,3860,43.709422,-72.2888224,"2"
330099616041,961604,1,867,43.6987174,-72.2952504,"2"
330099616042,961604,2,1386,43.6941954,-72.2829643,"2"
330099616043,961604,3,929,43.6994533,-72.2703039,"2"
330099617011,961701,1,940,43.6555286,-72.1905735,"2"
330099617012,961701,2,1020,43.6459152,-72.2460508,"2"
330099617013,961701,3,1554,43.6627454,-72.2379347,"2"
330099617014,961701,4,1158,43.6621506,-72.2749914,"2"
330099617021,961702,1,2256,43.6522616,-72.2970305,"2"
330099617022,961702,2,1340,43.6640314,-72.3046294,"2"
330099618011,961801,1,513,43.6141198,-72.2115614,"2"
330099618012,961801,2,1589,43.6108831,-72.2748061,"2"
330099618021,961802,1,1821,43.6446853,-72.2612403,"2"
330099618022,961802,2,1337,43.6354669,-72.235358,"2"
330099618023,961802,3,754,43.6388345,-72.255401,"2"
330110001031,103,1,3256,43.0345081,-71.4665317,"2"
330110001032,103,2,2162,43.0284496,-71.4603982,"2"
330110001041,104,1,717,43.0155138,-71.4575821,"2"
330110001042,104,2,2302,43.0135309,-71.4653222,"2"
330110002021,202,1,1612,43.0004714,-71.4898916,"2"
330110002022,202,2,839,42.9978846,-71.4814754,"2"
330110002031,203,1,1291,43.0322517,-71.4795803,"2"
330110002032,203,2,1766,43.0264015,-71.4842553,"2"
330110002041,204,1,1506,43.0150656,-71.4908239,"2"
330110002042,204,2,884,43.011907,-71.4910626,"2"
330110002043,204,3,3294,43.0345492,-71.4948511,"2"
330110003001,300,1,662,42.9955241,-71.4763453,"2"
330110003002,300,2,1417,42.9952245,-71.4862356,"2"
330110003003,300,3,1002,42.9943376,-71.4791398,"2"
330110006001,600,1,1270,43.0036377,-71.4627395,"2"
330110006002,600,2,1074,42.9971311,-71.459691,"2"
330110007001,700,1,1303,43.0079427,-71.4524162,"2"
330110007002,700,2,829,43.0029242,-71.4547341,"2"
330110007003,700,3,987,43.0016628,-71.4510942,"2"
330110008001,800,1,942,42.9978975,-71.4473467,"2"
330110008002,800,2,779,42.99836,-71.453602,"2"
330110008003,800,3,721,42.9960567,-71.4539979,"2"
330110009011,901,1,750,43.0130089,-71.4469508,"1"
330110009012,901,2,986,43.002988,-71.4408553,"1"
330110009013,901,3,712,43.0153236,-71.442088,"1"
330110009014,901,4,1115,43.0046248,-71.4344225,"1"
330110009021,902,1,1400,42.9988094,-71.4206393,"1"
330110009022,902,2,1246,43.0040855,-71.4094951,"1"
330110009023,902,3,2990,43.0094874,-71.4213087,"1"
330110010001,1000,1,925,42.9997152,-71.4030619,"1"
330110010002,1000,2,1248,42.9908503,-71.4061963,"1"
330110010003,1000,3,1516,42.9748588,-71.3994194,"1"
330110010004,1000,4,2629,42.9555574,-71.3897278,"1"
330110011001,1100,1,1381,42.9902495,-71.4253148,"1"
330110011002,1100,2,941,42.9854194,-71.424382,"1"
330110011003,1100,3,624,42.9822601,-71.4281606,"1"
330110011004,1100,4,674,42.9775831,-71.4254801,"1"
330110011005,1100,5,1798,42.9706292,-71.4168216,"1"
330110012001,1200,1,1041,42.9927589,-71.439173,"1"
330110012002,1200,2,972,42.9887833,-71.4400813,"1"
330110013001,1300,1,817,42.9930242,-71.4554791,"2"
330110013002,1300,2,1812,42.9933246,-71.4509381,"2"
330110013003,1300,3,648,42.9932233,-71.4468049,"2"
330110014001,1400,1,1165,42.9912065,-71.4590605,"2"
330110014002,1400,2,1363,42.9839587,-71.4599259,"2"
330110015001,1500,1,1216,42.9892201,-71.4552605,"2"
330110015002,1500,2,821,42.984503,-71.4541987,"2"
330110015003,1500,3,1198,42.9843254,-71.4564093,"2"
330110016001,1600,1,718,42.9891035,-71.4466058,"2"
330110016002,1600,2,1132,42.9836282,-71.4494155,"2"
330110016003,1600,3,797,42.9893796,-71.4514366,"2"
330110016004,1600,4,635,42.9887395,-71.4494784,"2"
330110016005,1600,5,903,42.986174,-71.4478613,"2"
330110017001,1700,1,998,42.983933,-71.4367327,"1"
330110017002,1700,2,1236,42.9847931,-71.4424906,"1"
330110018001,1800,1,906,42.9787098,-71.4346141,"1"
330110018002,1800,2,686,42.974904,-71.4334362,"1"
330110018003,1800,3,1331,42.9781997,-71.4471333,"2"
330110018004,1800,4,1121,42.9743847,-71.4497153,"2"
330110018005,1800,5,1211,42.9789062,-71.4415611,"2"
330110018006,1800,6,862,42.9749262,-71.4416114,"2"
330110019001,1900,1,1945,42.9779657,-71.4535961,"2"
330110019002,1900,2,1457,42.9765376,-71.4659186,"2"
330110020001,2000,1,968,42.9815286,-71.4717441,"2"
330110020002,2000,2,1332,42.9833593,-71.4770234,"2"
330110021001,2100,1,2128,42.987978,-71.4731651,"2"
330110021002,2100,2,753,42.9888541,-71.4860505,"2"
330110021003,2100,3,1416,42.9920415,-71.4855637,"2"
330110021004,2100,4,996,42.9875291,-71.4778578,"2"
330110022001,2200,1,901,42.9877092,-71.4907863,"2"
330110022002,2200,2,619,42.9776944,-71.4897036,"2"
330110022003,2200,3,836,42.9834424,-71.4924334,"2"
330110022004,2200,4,941,42.9821825,-71.4818316,"2"
330110023001,2300,1,1524,42.9724437,-71.4773246,"2"
330110023002,2300,2,629,42.9673452,-71.4860687,"2"
330110023003,2300,3,844,42.9721439,-71.4884399,"2"
330110023004,2300,4,750,42.9747943,-71.4823692,"2"
330110024001,2400,1,1342,42.9686616,-71.4591538,"2"
330110024002,2400,2,732,42.963583,-71.4566873,"2"
330110024003,2400,3,884,42.9587768,-71.4582695,"2"
330110024004,2400,4,2339,42.9600368,-71.4639568,"2"
330110024005,2400,5,1501,42.9587635,-71.4521756,"2"
330110024006,2400,6,766,42.9535756,-71.453183,"2"
330110025001,2500,1,1653,42.9675376,-71.42927,"1"
330110025002,2500,2,1108,42.9604629,-71.4419556,"2"
330110025003,2500,3,1030,42.970596,-71.4415968,"2"
330110025004,2500,4,1719,42.9680687,-71.4462974,"2"
330110026001,2600,1,993,42.9419262,-71.4059614,"1"
330110026002,2600,2,1361,42.9535934,-71.4181517,"1"
330110026003,2600,3,1346,42.9441456,-71.4498102,"2"
330110026004,2600,4,2162,42.9124109,-71.4503143,"2"
330110027011,2701,1,2354,42.9911923,-71.5881318,"2"
330110027012,2701,2,1614,43.0350296,-71.61809,"2"
330110027021,2702,1,1347,43.0443579,-71.5682958,"2"
330110027022,2702,2,1679,43.0280535,-71.5886151,"2"
330110027023,2702,3,838,43.0160531,-71.5367051,"2"
330110027024,2702,4,2434,43.0411831,-71.5337302,"2"
330110028011,2801,1,1436,43.003124,-71.5495248,"2"
330110028021,2802,1,862,43.0076515,-71.5181256,"2"
330110028022,2802,2,2064,42.9937533,-71.5144948,"2"
330110028023,2802,3,1296,42.9887973,-71.5049445,"2"
330110028024,2802,4,1741,42.9866788,-71.5194718,"2"
330110028025,2802,5,912,42.9971321,-71.5066589,"2"
330110029011,2901,1,2003,42.9290311,-71.4647335,"2"
330110029012,2901,2,2106,42.9471103,-71.4966164,"2"
330110029013,2901,3,2463,42.925314,-71.4862819,"2"
330110029014,2901,4,1630,42.9224461,-71.5111976,"2"
330110029021,2902,1,1282,42.9732898,-71.502737,"2"
330110029022,2902,2,1526,42.9592516,-71.486954,"2"
330110029023,2902,3,1366,42.9674081,-71.5850099,"2"
330110029024,2902,4,2597,42.9630355,-71.5173411,"2"
330110029031,2903,1,2622,42.9518762,-71.5698483,"2"
330110029032,2903,2,895,42.9191193,-71.5255334,"2"
330110029033,2903,3,1475,42.9131443,-71.5476423,"2"
330110029034,2903,4,1181,42.9189982,-71.5606319,"2"
330110029035,2903,5,2176,42.9392474,-71.5533283,"2"
330110101001,10100,1,1100,42.7851018,-71.4715999,"2"
330110101002,10100,2,2047,42.787495,-71.4888036,"2"
330110101003,10100,3,861,42.7767981,-71.4812761,"2"
330110101004,10100,4,1302,42.7880482,-71.4634989,"2"
330110102011,10201,1,1378,42.7844335,-71.4999601,"2"
330110102012,10201,2,1840,42.7967823,-71.5125068,"2"
330110102013,10201,3,1192,42.7943587,-71.5045192,"2"
330110102021,10202,1,877,42.7821001,-71.5183664,"2"
330110102022,10202,2,1639,42.8015041,-71.5352021,"2"
330110103011,10301,1,2207,42.7670377,-71.5137488,"2"
330110103012,10301,2,2581,42.7549185,-71.5229275,"2"
330110103021,10302,1,1909,42.7698604,-71.5024345,"2"
330110103022,10302,2,2413,42.7568374,-71.5067485,"2"
330110104001,10400,1,1076,42.7755985,-71.459605,"2"
330110104002,10400,2,868,42.7699007,-71.4694737,"2"
330110104003,10400,3,646,42.7750494,-71.4696217,"2"
330110104004,10400,4,1441,42.7661381,-71.4863126,"2"
330110104005,10400,5,1011,42.7726602,-71.4824638,"2"
330110105001,10500,1,785,42.7684596,-71.4595022,"2"
330110105002,10500,2,754,42.7678332,-71.4643019,"2"
330110105003,10500,3,765,42.7662252,-71.4695027,"2"
330110105004,10500,4,721,42.7647613,-71.4568258,"2"
330110105005,10500,5,1692,42.7642176,-71.4683138,"2"
330110106001,10600,1,1951,42.7626945,-71.4550923,"2"
330110106002,10600,2,1999,42.7570084,-71.4535404,"2"
330110106003,10600,3,1541,42.7522808,-71.4516752,"2"
330110106004,10600,4,1225,42.7564454,-71.4459512,"2"
330110107001,10700,1,801,42.7600151,-71.4650158,"2"
330110107002,10700,2,870,42.7543524,-71.4601119,"2"
330110108011,10801,1,1351,42.7534767,-71.4670089,"2"
330110108012,10801,2,1078,42.750619,-71.465814,"2"
330110108021,10802,1,1414,42.7568779,-71.4871822,"2"
330110108022,10802,2,1002,42.7535027,-71.4818027,"2"
330110108023,10802,3,1517,42.7569895,-71.4709627,"2"
330110108024,10802,4,1887,42.755315,-71.4695627,"2"
330110109001,10900,1,857,42.7498613,-71.4835185,"2"
330110109002,10900,2,1501,42.749939,-71.4753858,"2"
330110109003,10900,3,1078,42.7459473,-71.4719507,"2"
330110109004,10900,4,1785,42.7438096,-71.4822148,"2"
330110109005,10900,5,1054,42.7396714,-71.4742525,"2"
330110110001,11000,1,1561,42.7397608,-71.445281,"2"
330110110002,11000,2,1176,42.7325626,-71.4522148,"2"
330110110003,11000,3,1461,42.7425843,-71.4592279,"2"
330110110004,11000,4,676,42.7416458,-71.4663621,"2"
330110111011,11101,1,1346,42.7035615,-71.4614615,"2"
330110111012,11101,2,1717,42.7048263,-71.4544503,"2"
330110111013,11101,3,708,42.7066194,-71.4548792,"2"
330110111021,11102,1,2044,42.7198234,-71.4457956,"2"
330110111022,11102,2,1422,42.705681,-71.4459401,"2"
330110112001,11200,1,1283,42.7165161,-71.478333,"2"
330110112002,11200,2,873,42.7139089,-71.4665194,"2"
330110112003,11200,3,1374,42.7270918,-71.45941,"2"
330110112004,11200,4,1769,42.7060249,-71.4740253,"2"
330110112005,11200,5,841,42.7139289,-71.4555678,"2"
330110112006,11200,6,1292,42.7232852,-71.4694184,"2"
330110113001,11300,1,1659,42.7214912,-71.4832609,"2"
330110113002,11300,2,732,42.7211143,-71.4903796,"2"
330110113003,11300,3,2008,42.7316897,-71.4828211,"2"
330110114011,11401,1,2106,42.7280111,-71.5155286,"2"
330110114012,11401,2,1940,42.7112832,-71.5236604,"2"
330110114013,11401,3,1636,42.7376883,-71.5070397,"2"
330110114021,11402,1,876,42.7422109,-71.4962669,"2"
330110114022,11402,2,2398,42.7330226,-71.4957014,"2"
330110114023,11402,3,1891,42.719093,-71.4986197,"2"
330110115001,11500,1,1741,42.7437877,-71.5110561,"2"
330110115002,11500,2,776,42.7205644,-71.531315,"2"
330110121011,12101,1,1475,42.7811815,-71.4016524,"2"
330110121012,12101,2,1549,42.7920625,-71.4436168,"2"
330110121013,12101,3,2133,42.7877465,-71.4293444,"2"
330110121021,12102,1,1689,42.7985465,-71.4077065,"2"
330110121022,12102,2,1596,42.8106349,-71.3911829,"1"
330110122011,12201,1,1899,42.7475593,-71.4322498,"2"
330110122021,12202,1,1330,42.7731454,-71.4342611,"2"
330110122022,12202,2,1417,42.7725766,-71.4452522,"2"
330110122023,12202,3,1203,42.7657216,-71.4298502,"2"
330110122024,12202,4,1685,42.7588421,-71.4290695,"2"
330110123011,12301,1,1735,42.7334209,-71.3940213,"2"
330110123012,12301,2,1712,42.7575212,-71.3800228,"1"
330110123013,12301,3,1945,42.7772874,-71.3800839,"1"
330110123021,12302,1,1643,42.7132484,-71.4168095,"2"
330110123022,12302,2,2383,42.7298975,-71.4218508,"2"
330110131011,13101,1,1720,42.8274645,-71.4598754,"2"
330110131012,13101,2,2087,42.8069936,-71.449974,"2"
330110131021,13102,1,1554,42.8460813,-71.468283,"2"
330110131022,13102,2,830,42.8959802,-71.4584477,"2"
330110131023,13102,3,2287,42.8688336,-71.4533657,"2"
330110141011,14101,1,1807,42.8913788,-71.4671418,"2"
330110141012,14101,2,2018,42.8695847,-71.4862957,"2"
330110141021,14102,1,951,42.8496723,-71.4901605,"2"
330110141022,14102,2,1579,42.8187364,-71.4838752,"2"
330110142011,14201,1,2177,42.8941182,-71.5354704,"2"
330110142012,14201,2,1357,42.8653682,-71.5532821,"2"
330110142013,14201,3,2423,42.8797441,-71.5186068,"2"
330110142021,14202,1,2946,42.8979038,-71.488981,"2"
330110142022,14202,2,2454,42.8803866,-71.5071394,"2"
330110142023,14202,3,991,42.8837554,-71.492806,"2"
330110143011,14301,1,1141,42.8119123,-71.5088374,"2"
330110143012,14301,2,911,42.8375868,-71.5164932,"2"
330110143021,14302,1,1914,42.8193121,-71.551123,"2"
330110143022,14302,2,1294,42.8391251,-71.5415434,"2"
330110143023,14302,3,2669,42.8509047,-71.5094697,"2"
330110151001,15100,1,1340,42.9208192,-71.6087059,"2"
330110151002,15100,2,1784,42.8769516,-71.6225208,"2"
330110151003,15100,3,2327,42.8550512,-71.6404994,"2"
330110152001,15200,1,1081,42.88833,-71.5956781,"2"
330110152002,15200,2,1340,42.8574062,-71.5968207,"2"
330110152003,15200,3,1996,42.8379941,-71.5839362,"2"
330110152004,15200,4,1885,42.8107787,-71.5854595,"2"
330110161001,16100,1,1165,42.8387107,-71.6438407,"2"
330110161002,16100,2,1848,42.856543,-71.6828973,"2"
330110162021,16202,1,2477,42.8044659,-71.640816,"2"
330110162022,16202,2,2994,42.8147848,-71.6936118,"2"
330110162031,16203,1,1050,42.821598,-71.6334703,"2"
330110162032,16203,2,1698,42.8279482,-71.643137,"2"
330110162033,16203,3,975,42.8289415,-71.6306743,"2"
330110162041,16204,1,2394,42.8328959,-71.6714474,"2"
330110162042,16204,2,694,42.8385202,-71.6667023,"2"
330110162043,16204,3,836,42.8219605,-71.6503478,"2"
330110171011,17101,1,1238,42.7328666,-71.5404497,"2"
330110171012,17101,2,2405,42.7210791,-71.6002214,"2"
330110171021,17102,1,1225,42.7668632,-71.5469346,"2"
330110171022,17102,2,1366,42.7613278,-71.5835926,"2"
330110171023,17102,3,2108,42.7425107,-71.6168053,"2"
330110180011,18001,1,2419,42.7566683,-71.6893279,"2"
330110180021,18002,1,1488,42.7322819,-71.6458483,"2"
330110180022,18002,2,1732,42.7614336,-71.6554363,"2"
330110185011,18501,1,1082,42.7477462,-71.7972874,"2"
330110185012,18501,2,892,42.778252,-71.8036626,"2"
330110185021,18502,1,1448,42.7421807,-71.7509684,"2"
330110190001,19000,1,1329,42.8418771,-71.7509212,"2"
330110190002,19000,2,2567,42.8300635,-71.780488,"2"
330110195011,19501,1,1702,42.8964089,-71.7683309,"2"
330110195021,19502,1,2584,42.9088845,-71.694199,"2"
330110200001,20000,1,2691,42.9552554,-71.6843689,"2"
330110200002,20000,2,1504,42.9908742,-71.6629161,"2"
330110200003,20000,3,1913,42.9983982,-71.7149052,"2"
330110210011,21001,1,2163,43.0891064,-71.7677259,"2"
330110210012,21001,2,2989,43.1080772,-71.6950635,"2"
330110210021,21002,1,2420,43.0396979,-71.7345818,"2"
330110210022,21002,2,1520,43.0629935,-71.6699838,"2"
330110215001,21500,1,1610,42.9941346,-71.816098,"2"
330110215002,21500,2,1501,43.0202839,-71.903705,"2"
330110215003,21500,3,984,43.0815469,-71.8363031,"2"
330110215004,21500,4,920,43.072803,-71.8899558,"2"
330110220001,22000,1,1716,42.9387402,-71.8794244,"2"
330110225011,22501,1,2623,42.7454496,-71.9118416,"2"
330110225021,22502,1,1741,42.8267234,-71.8754157,"2"
330110225022,22502,2,2581,42.7539271,-71.8444504,"2"
330110230011,23001,1,1551,42.8465963,-71.9578071,"2"
330110230012,23001,2,1323,42.8872338,-71.9689377,"2"
330110230013,23001,3,842,42.8786099,-71.9435746,"2"
330110230021,23002,1,1929,42.9185982,-71.9537365,"2"
330110230022,23002,2,773,42.8777093,-71.9130522,"2"
330110240001,24000,1,1731,42.9773389,-71.9978207,"2"
330110250001,25000,1,1415,43.0440183,-71.951029,"2"
330110250002,25000,2,1236,43.0502919,-71.9819675,"2"
330110255011,25501,1,664,43.1155415,-71.8884414,"2"
330110255012,25501,2,731,43.177516,-71.9244165,"2"
330110255013,25501,3,1665,43.1465377,-71.9106786,"2"
330110255021,25502,1,1166,43.1125257,-71.9049329,"2"
330110255022,25502,2,1975,43.1366564,-71.9816073,"2"
330112001011,200101,1,1506,42.7135224,-71.3673812,"1"
330112001012,200101,2,1661,42.7536611,-71.3625041,"1"
330112002011,200201,1,2670,42.7180683,-71.3337607,"1"
330112003001,200300,1,2142,42.7114191,-71.3017411,"1"
330112003002,200300,2,1769,42.7442778,-71.2675679,"1"
330112003003,200300,3,941,42.7294006,-71.3021609,"1"
330112004001,200400,1,1392,42.9992999,-71.4662112,"2"
330112004002,200400,2,613,42.9921335,-71.4618793,"2"
330112004003,200400,3,792,42.9861153,-71.4660997,"2"
330112004004,200400,4,733,42.9917957,-71.4646597,"2"
330112005001,200500,1,1566,42.7515384,-71.2999253,"1"
330112005002,200500,2,1967,42.7560448,-71.3317875,"1"
330130030011,3001,1,1076,43.0956782,-71.4711993,"2"
330130030012,3001,2,1697,43.0997035,-71.4592742,"1"
330130030013,3001,3,1577,43.0574209,-71.4823209,"2"
330130030061,3006,1,1944,43.0292909,-71.4445421,"1"
330130030062,3006,2,1963,43.0277678,-71.4268442,"1"
330130031001,3100,1,2361,43.1433412,-71.3861063,"1"
330130031002,3100,2,1448,43.1236811,-71.4537268,"1"
330130031003,3100,3,898,43.1297521,-71.4365097,"1"
330130032011,3201,1,1699,43.1683606,-71.4653156,"1"
330130032012,3201,2,1525,43.1452371,-71.4641985,"1"
330130032013,3201,3,1840,43.1394924,-71.4455725,"1"
330130032021,3202,1,781,43.2066562,-71.4616642,"1"
330130032022,3202,2,1362,43.1779703,-71.4374503,"1"
330130300001,30000,1,1556,43.1069106,-71.6269967,"2"
330130300002,30000,2,1449,43.0888918,-71.5696454,"2"
330130310011,31001,1,942,43.1354374,-71.4896315,"2"
330130310012,31001,2,1593,43.1103524,-71.5156981,"2"
330130310013,31001,3,1714,43.1453647,-71.524138,"2"
330130310021,31002,1,2589,43.1345519,-71.5776052,"2"
330130310022,31002,2,1391,43.160669,-71.5516595,"2"
330130321001,32100,1,1344,43.1855815,-71.5489435,"2"
330130321002,32100,2,1660,43.1880503,-71.5367606,"2"
330130321003,32100,3,762,43.1814057,-71.5355766,"2"
330130322001,32200,1,1732,43.1977869,-71.5374425,"2"
330130322002,32200,2,996,43.189588,-71.5251471,"2"
330130323001,32300,1,917,43.2055618,-71.5370671,"2"
330130323002,32300,2,846,43.2031967,-71.5443833,"2"
330130324001,32400,1,948,43.2086608,-71.5411648,"2"
330130324002,32400,2,843,43.2091548,-71.5474005,"2"
330130324003,32400,3,1446,43.2227803,-71.5322798,"2"
330130325001,32500,1,1900,43.2075911,-71.6052782,"2"
330130325002,32500,2,1902,43.1809038,-71.5760173,"2"
330130326001,32600,1,942,43.2385958,-71.5562613,"2"
330130326002,32600,2,3975,43.2264912,-71.575198,"2"
330130327011,32701,1,1548,43.2550643,-71.63692,"2"
330130327061,32706,1,1084,43.2763055,-71.5849013,"2"
330130327062,32706,2,1457,43.2591138,-71.576952,"2"
330130327063,32706,3,1348,43.2585463,-71.5660443,"2"
330130328001,32800,1,2330,43.250249,-71.4927493,"1"
330130328002,32800,2,1870,43.2667873,-71.5481215,"2"
330130328003,32800,3,982,43.2293975,-71.5227565,"2"
330130329001,32900,1,832,43.229039,-71.4861278,"1"
330130329002,32900,2,1869,43.2224082,-71.5014531,"2"
330130329003,32900,3,1644,43.2155129,-71.5151011,"2"
330130330001,33000,1,1131,43.2809039,-71.3878336,"1"
330130330002,33000,2,1534,43.2381557,-71.4278407,"1"
330130340001,34000,1,1683,43.2502622,-71.326406,"1"
330130340002,34000,2,1801,43.2048124,-71.348563,"1"
330130340003,34000,3,1350,43.1789678,-71.3944228,"1"
330130350001,35000,1,1601,43.3198086,-71.3503487,"1"
330130350002,35000,2,1327,43.2778752,-71.3199059,"1"
330130350003,35000,3,1147,43.296376,-71.2890012,"1"
330130360001,36000,1,1032,43.3464816,-71.4104714,"1"
330130360002,36000,2,1701,43.3033458,-71.484297,"1"
330130360003,36000,3,1106,43.2726045,-71.4719954,"1"
330130360004,36000,4,1737,43.2917919,-71.4175045,"1"
330130370001,37000,1,2389,43.3525669,-71.5337648,"2"
330130380001,38000,1,1615,43.3446229,-71.6549105,"2"
330130380002,38000,2,1084,43.295201,-71.6426707,"2"
330130380003,38000,3,1299,43.2978355,-71.6198306,"2"
330130385001,38500,1,1444,43.2998557,-71.7907863,"2"
330130385002,38500,2,1493,43.2474937,-71.810331,"2"
330130385003,38500,3,1913,43.3065724,-71.7256823,"2"
330130390001,39000,1,767,43.2166462,-71.7476969,"2"
330130390002,39000,2,1264,43.2369758,-71.7038079,"2"
330130390003,39000,3,1341,43.2181473,-71.6579313,"2"
330130390004,39000,4,1350,43.2068582,-71.6925389,"2"
330130390005,39000,5,1192,43.1726591,-71.6969846,"2"
330130400001,40000,1,1541,43.1991487,-71.8536763,"2"
330130400002,40000,2,2863,43.1808606,-71.8266768,"2"
330130400003,40000,3,1781,43.1441696,-71.8058148,"2"
330130405011,40501,1,1662,43.2241279,-71.9661752,"2"
330130405021,40502,1,1364,43.3350172,-71.9183649,"2"
330130405022,40502,2,1574,43.3449219,-71.9889354,"2"
330130405023,40502,3,1212,43.3110502,-72.0403119,"2"
330130410011,41001,1,561,43.4032177,-72.0258934,"2"
330130410012,41001,2,1252,43.422107,-72.0149675,"2"
330130410021,41002,1,647,43.4339772,-71.9681978,"2"
330130410022,41002,2,1940,43.4126896,-71.9561399,"2"
330130415001,41500,1,1017,43.5283063,-71.7691921,"2"
330130415002,41500,2,1250,43.5283183,-71.8684716,"2"
330130415003,41500,3,1407,43.4432836,-71.9224456,"2"
330130425001,42500,1,812,43.4547025,-71.8210352,"2"
330130425002,42500,2,1594,43.4099552,-71.8411255,"2"
330130425003,42500,3,1422,43.3860989,-71.7729171,"2"
330130430011,43001,1,1425,43.4164915,-71.6753798,"2"
330130430012,43001,2,1347,43.4292573,-71.6443135,"2"
330130430013,43001,3,1470,43.4314015,-71.6349158,"2"
330130430021,43002,1,663,43.487477,-71.6978716,"2"
330130430022,43002,2,912,43.4725259,-71.6374655,"2"
330130430023,43002,3,1186,43.4517008,-71.6350157,"2"
330130430024,43002,4,825,43.4488086,-71.6481844,"2"
330130430025,43002,5,913,43.4527725,-71.6816052,"2"
330130440001,44000,1,1886,43.4075503,-71.6165079,"2"
330130440002,44000,2,1773,43.4223323,-71.5424851,"1"
330130440003,44000,3,1213,43.4431805,-71.5795872,"2"
330130441001,44100,1,1702,43.1842469,-71.5094296,"2"
330130441002,44100,2,1261,43.2224294,-71.4844252,"1"
330130441003,44100,3,731,43.2027667,-71.5003262,"2"
330130442001,44200,1,1522,43.0789662,-71.4185621,"1"
330130442002,44200,2,1993,43.0479298,-71.4026809,"1"
330130442003,44200,3,2114,43.0812421,-71.4466159,"1"
330130442004,44200,4,985,43.0998787,-71.4421316,"1"
330130443001,44300,1,1019,43.2345344,-71.6150063,"2"
330130443002,44300,2,1852,43.2562059,-71.603981,"2"
330130443003,44300,3,2234,43.2654125,-71.6010169,"2"
330150033011,3301,1,2519,42.9146331,-71.2882501,"1"
330150033012,3301,2,2071,42.9189718,-71.2517726,"1"
330150033021,3302,1,2488,42.9095249,-71.3191348,"1"
330150033022,3302,2,925,42.9200786,-71.3372886,"1"
330150033023,3302,3,1443,42.9302496,-71.329208,"1"
330150034001,3400,1,2132,42.9001467,-71.3119338,"1"
330150034002,3400,2,939,42.8802356,-71.3329427,"1"
330150034003,3400,3,1677,42.8892407,-71.3214856,"1"
330150034004,3400,4,987,42.8945343,-71.3367613,"1"
330150035001,3500,1,705,42.8888091,-71.3015927,"1"
330150035002,3500,2,1857,42.8701332,-71.3293601,"1"
330150035003,3500,3,2290,42.8820365,-71.312929,"1"
330150035004,3500,4,1122,42.8756576,-71.3206831,"1"
330150036011,3601,1,935,42.8732565,-71.3047379,"1"
330150036012,3601,2,2733,42.8654185,-71.3147838,"1"
330150036013,3601,3,1105,42.8794248,-71.2860349,"1"
330150036014,3601,4,2379,42.8548684,-71.3101722,"1"
330150036021,3602,1,1662,42.8909575,-71.2475848,"1"
330150036022,3602,2,1707,42.8772622,-71.2250743,"1"
330150036023,3602,3,2641,42.8630714,-71.2606237,"1"
330150037011,3701,1,1678,42.8667528,-71.3568015,"1"
330150037012,3701,2,2421,42.8841487,-71.3677586,"1"
330150037031,3703,1,2604,42.9150392,-71.3527516,"1"
330150037032,3703,2,1685,42.9128534,-71.4078831,"1"
330150037033,3703,3,1603,42.9089244,-71.3802733,"1"
330150038011,3801,1,1888,42.8887556,-71.3967264,"1"
330150038012,3801,2,1250,42.8546915,-71.3831455,"1"
330150038013,3801,3,909,42.8699092,-71.388424,"1"
330150038021,3802,1,2625,42.8774226,-71.4250393,"2"
330150038022,3802,2,1611,42.8389023,-71.414466,"2"
330150039011,3901,1,2996,42.8566296,-71.3449876,"1"
330150039012,3901,2,1209,42.8284985,-71.3562997,"1"
330150039021,3902,1,2216,42.8283897,-71.3785852,"1"
330150039022,3902,2,1125,42.8118953,-71.3570403,"1"
330150040001,4000,1,1902,43.011276,-71.3663838,"1"
330150040002,4000,2,2198,42.9976765,-71.3184445,"1"
330150040003,4000,3,1846,42.9620482,-71.3461264,"1"
330150500001,50000,1,1171,43.0506732,-71.2610283,"1"
330150500002,50000,2,2842,43.0568952,-71.3406349,"1"
330150510001,51000,1,3040,42.9558307,-71.2273675,"1"
330150510002,51000,2,2192,42.9745315,-71.2717434,"1"
330150520001,52000,1,2040,42.9327374,-71.2043044,"1"
330150520002,52000,2,2685,42.9423086,-71.1733002,"1"
330150520003,52000,3,1823,42.9107181,-71.1733551,"1"
330150530001,53000,1,2138,42.9309435,-71.134261,"1"
330150530002,53000,2,2270,42.922267,-71.1024435,"1"
330150540001,54000,1,2625,43.0003692,-71.1191619,"1"
330150540002,54000,2,2114,42.9717965,-71.141056,"1"
330150550011,55001,1,1575,43.0508088,-71.2266826,"1"
330150550012,55001,2,1635,43.0188261,-71.2279108,"1"
330150550013,55001,3,1186,43.0126345,-71.2019064,"1"
330150550014,55001,4,1867,43.0029274,-71.169309,"1"
330150550021,55002,1,1330,43.0299459,-71.1864127,"1"
330150550022,55002,2,1506,43.0424797,-71.1523565,"1"
330150550023,55002,3,1585,43.0602712,-71.1883904,"1"
330150560001,56000,1,1739,43.1731977,-71.2459336,"1"
330150560002,56000,2,1902,43.0979824,-71.2132575,"1"
330150560003,56000,3,1214,43.1222343,-71.265963,"1"
330150570001,57000,1,1720,43.1999371,-71.1927074,"1"
330150570002,57000,2,1536,43.245972,-71.2231851,"1"
330150570003,57000,3,1385,43.2208355,-71.258059,"1"
330150580001,58000,1,1012,43.0965135,-71.1682212,"1"
330150580002,58000,2,1418,43.1233176,-71.1114392,"1"
330150580003,58000,3,2799,43.1381702,-71.084765,"1"
330150590001,59000,1,1544,43.0323236,-71.0584762,"1"
330150590002,59000,2,2289,43.0718712,-71.0512073,"1"
330150590003,59000,3,3292,43.0515838,-71.1152028,"1"
330150600001,60000,1,2096,42.9982519,-71.0476591,"1"
330150600002,60000,2,2394,42.9755575,-71.0396582,"1"
330150610011,61001,1,2246,42.9708211,-70.9870781,"1"
330150610012,61001,2,2525,43.0113282,-70.9868339,"1"
330150610013,61001,3,2132,43.0083955,-70.9600475,"1"
330150620001,62000,1,2441,42.9258646,-71.0026333,"1"
330150625001,62500,1,894,42.8898024,-70.9595464,"1"
330150625002,62500,2,2095,42.9328701,-70.9642731,"1"
330150630011,63001,1,1851,42.8950154,-70.8977593,"1"
330150630012,63001,2,1615,42.8890863,-70.8752871,"1"
330150630031,63003,1,1601,42.8784214,-70.8399971,"1"
330150630032,63003,2,748,42.8960599,-70.8506902,"1"
330150630033,63003,3,1668,42.8778238,-70.8595088,"1"
330150630041,63004,1,918,42.8809366,-70.8245109,"1"
330150640001,64000,1,2403,42.9248106,-70.8862417,"1"
330150650051,65005,1,1964,42.9340328,-70.8081532,"1"
330150650052,65005,2,657,42.9349563,-70.7962736,"1"
330150650061,65006,1,676,42.9419879,-70.8097929,"1"
330150650062,65006,2,1086,42.9479311,-70.7925362,"1"
330150650071,65007,1,934,42.9198592,-70.8098867,"1"
330150650072,65007,2,679,42.9272886,-70.8144488,"1"
330150650081,65008,1,804,42.9210969,-70.8304143,"1"
330150650082,65008,2,489,42.8934278,-70.8159587,"1"
330150650083,65008,3,594,42.9082309,-70.8105865,"1"
330150650091,65009,1,2363,42.9477775,-70.8142636,"1"
330150650092,65009,2,795,42.9343444,-70.8330936,"1"
330150650093,65009,3,617,42.9352249,-70.8241171,"1"
330150650101,65010,1,958,42.9405549,-70.843452,"1"
330150650102,65010,2,1899,42.9494881,-70.8709497,"1"
330150650103,65010,3,1699,42.9543943,-70.8421546,"1"
330150660001,66000,1,1052,42.9649252,-70.7930559,"1"
330150660002,66000,2,1661,42.9866022,-70.8248207,"1"
330150660003,66000,3,1825,42.980755,-70.8584139,"1"
330150670001,67000,1,1468,43.0127973,-70.8924072,"1"
330150670002,67000,2,2125,42.9920591,-70.9003164,"1"
330150670003,67000,3,1640,43.0284315,-70.8894244,"1"
330150670004,67000,4,2436,43.0288208,-70.9156941,"1"
330150675021,67502,1,1322,43.0856365,-70.9408947,"1"
330150675022,67502,2,1263,43.0770781,-70.9482175,"1"
330150675023,67502,3,1016,43.0771905,-70.9071146,"1"
330150675031,67503,1,724,43.0639711,-70.9256468,"1"
330150675032,67503,2,2153,43.0692775,-70.9462233,"1"
330150675041,67504,1,1659,43.0590809,-70.9713928,"1"
330150675042,67504,2,1293,43.0726767,-70.9739935,"1"
330150675051,67505,1,1769,43.0385087,-70.9679535,"1"
330150691001,69100,1,1075,43.0789608,-70.7580835,"1"
330150691002,69100,2,1470,43.0663785,-70.76369,"1"
330150691003,69100,3,744,43.0750398,-70.746587,"1"
330150691004,69100,4,951,43.0715747,-70.7572677,"1"
330150692001,69200,1,996,43.0666323,-70.7714558,"1"
330150692002,69200,2,842,43.0715174,-70.7645166,"1"
330150692003,69200,3,1093,43.074142,-70.7654583,"1"
330150693001,69300,1,999,43.0888521,-70.767863,"1"
330150693002,69300,2,1203,43.0750217,-70.7728481,"1"
330150697001,69700,1,649,43.069927,-70.7406687,"1"
330150697002,69700,2,1826,43.057388,-70.7631921,"1"
330150697003,69700,3,1000,43.0621474,-70.7170709,"1"
330150710011,71001,1,1305,42.9857405,-70.7644625,"1"
330150710012,71001,2,1921,43.0148561,-70.7397764,"1"
330150710021,71002,1,706,43.027516,-70.7602911,"1"
330150710022,71002,2,1611,43.0391859,-70.7258815,"1"
330151001001,100100,1,2998,42.8367002,-71.2070095,"1"
330151001002,100100,2,2205,42.8165809,-71.2189302,"1"
330151001003,100100,3,1741,42.8086181,-71.1777691,"1"
330151002001,100200,1,1504,42.795389,-71.233082,"1"
330151002002,100200,2,1378,42.794944,-71.2131338,"1"
330151002003,100200,3,1325,42.7974034,-71.1951585,"1"
330151002004,100200,4,1302,42.7882669,-71.2217245,"1"
330151003011,100301,1,2185,42.7939136,-71.2485965,"1"
330151003012,100301,2,1212,42.7729382,-71.2332534,"1"
330151003013,100301,3,1530,42.771698,-71.2592235,"1"
330151003021,100302,1,1992,42.762662,-71.2208592,"1"
330151003022,100302,2,2527,42.7521142,-71.2425523,"1"
330151004011,100401,1,1169,42.7586878,-71.2036053,"1"
330151004012,100401,2,1863,42.748768,-71.1951991,"1"
330151004013,100401,3,1627,42.7771031,-71.2159438,"1"
330151004021,100402,1,2559,42.7752313,-71.1948633,"1"
330151004022,100402,2,972,42.7831476,-71.1902112,"1"
330151011011,101101,1,1340,42.822873,-71.1015464,"1"
330151011012,101101,2,2534,42.8266296,-71.0724895,"1"
330151011013,101101,3,1008,42.8350361,-71.0873417,"1"
330151011021,101102,1,771,42.8391287,-71.1061898,"1"
330151011022,101102,2,2177,42.859755,-71.1114597,"1"
330151021001,102100,1,1927,42.8829195,-71.0232961,"1"
330151021002,102100,2,1019,42.8789013,-71.053106,"1"
330151021003,102100,3,1874,42.8520714,-71.0611024,"1"
330151031001,103100,1,1251,42.8217548,-71.136992,"1"
330151031002,103100,2,2501,42.8532443,-71.144675,"1"
330151031003,103100,3,2451,42.8277545,-71.1716556,"1"
330151031004,103100,4,884,42.8463457,-71.1935894,"1"
330151041011,104101,1,2435,42.8732824,-71.1488862,"1"
330151041012,104101,2,2497,42.8928789,-71.1319283,"1"
330151041021,104102,1,1052,42.8752247,-71.1915734,"1"
330151041022,104102,2,1124,42.8899324,-71.1736541,"1"
330151041023,104102,3,1890,42.8995217,-71.1948955,"1"
330151051001,105100,1,1020,42.9026613,-71.0457526,"1"
330151051002,105100,2,2043,42.8878262,-71.0788037,"1"
330151051003,105100,3,1172,42.9232232,-71.0731891,"1"
330151051004,105100,4,1967,42.944493,-71.0533375,"1"
330151061011,106101,1,3195,42.8277968,-71.260485,"1"
330151061012,106101,2,1965,42.8135172,-71.3087128,"1"
330151061013,106101,3,1823,42.8354906,-71.3115447,"1"
330151061014,106101,4,1176,42.8206547,-71.3391732,"1"
330151061021,106102,1,3223,42.7880286,-71.3342082,"1"
330151061022,106102,2,2599,42.7785494,-71.2813016,"1"
330151061023,106102,3,1836,42.7993669,-71.2780007,"1"
330151062001,106200,1,1568,42.9646508,-70.9703021,"1"
330151062002,106200,2,774,42.9672255,-70.9470142,"1"
330151062003,106200,3,1031,42.976654,-70.9564411,"1"
330151062004,106200,4,1091,42.9782197,-70.9495897,"1"
330151064001,106400,1,1392,42.9900909,-70.9421826,"1"
330151064002,106400,2,2355,42.9789679,-70.9144031,"1"
330151064003,106400,3,935,42.9657186,-70.9224973,"1"
330151071001,107100,1,1196,43.0905822,-70.7833546,"1"
330151071002,107100,2,576,43.0798762,-70.7800686,"1"
330151071003,107100,3,818,43.084938,-70.7906765,"1"
330151072001,107200,1,1341,43.052552,-70.7825753,"1"
330151072002,107200,2,1190,43.0336781,-70.7918561,"1"
330151072003,107200,3,1102,43.0388186,-70.7698432,"1"
330151072004,107200,4,930,43.0199949,-70.7892243,"1"
330151072005,107200,5,1699,43.028059,-70.7793405,"1"
330151074001,107400,1,642,43.0499194,-70.7994347,"1"
330151074002,107400,2,614,43.0721092,-70.8055092,"1"
330151075001,107500,1,811,43.0859239,-70.8274428,"1"
330151075002,107500,2,2300,43.0218952,-70.8375057,"1"
330151075003,107500,3,1767,43.0501941,-70.8580762,"1"
330159800111,980011,1,6,42.9241706,-71.4359826,"2"
330170801001,80100,1,1470,43.1045439,-70.9095766,"1"
330170801002,80100,2,1441,43.1170348,-70.9509539,"1"
330170802021,80202,1,1614,43.1499974,-70.9205431,"1"
330170802022,80202,2,1152,43.1353805,-70.8768204,"1"
330170802031,80203,1,4777,43.1357668,-70.944818,"1"
330170802032,80203,2,823,43.1305147,-70.9266731,"1"
330170802041,80204,1,4213,43.1494205,-70.9429265,"1"
330170805001,80500,1,1918,43.1746071,-70.9414534,"1"
330170805002,80500,2,1029,43.1529948,-70.9874419,"1"
330170805003,80500,3,1751,43.1294161,-70.9878999,"1"
330170805004,80500,4,1740,43.0986663,-71.0118488,"1"
330170811011,81101,1,1320,43.1803519,-70.8989562,"1"
330170811012,81101,2,2496,43.1645657,-70.8823617,"1"
330170811013,81101,3,997,43.1722038,-70.8977709,"1"
330170811021,81102,1,2100,43.1510903,-70.8595056,"1"
330170812001,81200,1,1194,43.1454581,-70.8434724,"1"
330170812002,81200,2,710,43.1812519,-70.8542445,"1"
330170812003,81200,3,2020,43.1770705,-70.8595424,"1"
330170812004,81200,4,1264,43.1519784,-70.8363631,"1"
330170813001,81300,1,2164,43.1929111,-70.8746681,"1"
330170813002,81300,2,1672,43.1880809,-70.8662256,"1"
330170813003,81300,3,1127,43.1865794,-70.8801757,"1"
330170814001,81400,1,982,43.1941621,-70.8460377,"1"
330170814002,81400,2,1327,43.2007793,-70.8697465,"1"
330170815001,81500,1,1849,43.2091275,-70.8863905,"1"
330170815002,81500,2,1540,43.2040707,-70.8744649,"1"
330170815003,81500,3,958,43.2082426,-70.871571,"1"
330170815004,81500,4,1354,43.2036435,-70.8799535,"1"
330170816001,81600,1,2337,43.2286137,-70.9199275,"1"
330170816002,81600,2,1784,43.2256696,-70.9314678,"1"
330170816003,81600,3,1406,43.200978,-70.889971,"1"
330170816004,81600,4,2140,43.2011088,-70.9316508,"1"
330170820001,82000,1,1524,43.228766,-70.8310603,"1"
330170820002,82000,2,1073,43.2198154,-70.8431074,"1"
330170830011,83001,1,1323,43.2531053,-70.8672557,"1"
330170830012,83001,2,2159,43.2482311,-70.846873,"1"
330170830013,83001,3,1392,43.2661982,-70.8916402,"1"
330170830014,83001,4,991,43.2667028,-70.8734193,"1"
330170830015,83001,5,885,43.2553596,-70.8753021,"1"
330170830021,83002,1,1175,43.2545108,-70.9040721,"1"
330170830022,83002,2,1202,43.2341185,-70.8929213,"1"
330170830023,83002,3,1112,43.2337564,-70.8738886,"1"
330170830024,83002,4,848,43.2439831,-70.870655,"1"
330170830025,83002,5,768,43.2432104,-70.8572792,"1"
330170841001,84100,1,1745,43.2849586,-70.9257395,"1"
330170841002,84100,2,823,43.2814611,-70.9613099,"1"
330170841003,84100,3,2152,43.2649063,-70.9427433,"1"
330170841004,84100,4,1034,43.2877618,-70.9541265,"1"
330170842011,84201,1,1184,43.3481109,-70.994137,"1"
330170842012,84201,2,1510,43.3520753,-70.9753209,"1"
330170842013,84201,3,1777,43.3271973,-70.963649,"1"
330170842021,84202,1,1703,43.3287426,-70.9443996,"1"
330170842022,84202,2,799,43.3092736,-70.9419831,"1"
330170842023,84202,3,1182,43.3139987,-70.9234573,"1"
330170843011,84301,1,678,43.300272,-70.9634484,"1"
330170843012,84301,2,718,43.2938867,-70.9704334,"1"
330170843013,84301,3,1470,43.297876,-70.9758687,"1"
330170843021,84302,1,1763,43.3198398,-70.9823718,"1"
330170843022,84302,2,1222,43.3042721,-70.9568152,"1"
330170843023,84302,3,961,43.3093358,-70.9692929,"1"
330170844001,84400,1,1269,43.311861,-70.9881147,"1"
330170844002,84400,2,900,43.3037402,-70.9819163,"1"
330170844003,84400,3,1605,43.2987357,-70.9854744,"1"
330170844004,84400,4,586,43.2903029,-70.9849472,"1"
330170845001,84500,1,1191,43.267581,-70.971299,"1"
330170845002,84500,2,3189,43.2629917,-70.9911729,"1"
330170846001,84600,1,3031,43.3096539,-71.0256175,"1"
330170850011,85001,1,2330,43.2510114,-71.0452165,"1"
330170850012,85001,2,1565,43.2226898,-70.9988027,"1"
330170850021,85002,1,1662,43.2085983,-71.0839809,"1"
330170850022,85002,2,1576,43.2032,-71.0281928,"1"
330170850023,85002,3,2193,43.174051,-71.0186453,"1"
330170860001,86000,1,2280,43.2914953,-71.1300394,"1"
330170860002,86000,2,1950,43.2753845,-71.1699559,"1"
330170870011,87001,1,1199,43.4059406,-71.0818702,"1"
330170870012,87001,2,1520,43.3932199,-71.0513883,"1"
330170870013,87001,3,1121,43.387421,-71.0739088,"1"
330170870021,87002,1,1746,43.350084,-71.0407113,"1"
330170870022,87002,2,1136,43.3487392,-71.0922369,"1"
330170880001,88000,1,954,43.495003,-70.986034,"1"
330170880002,88000,2,1255,43.4522291,-71.0146523,"1"
330170880003,88000,3,2273,43.4167676,-71.0343527,"1"
330170885001,88500,1,1823,43.4830066,-71.0706405,"1"
330170885002,88500,2,1092,43.4988703,-71.149143,"1"
330170885003,88500,3,1601,43.4164901,-71.140488,"1"
330199751001,975100,1,1616,43.472988,-72.3117491,"2"
330199751002,975100,2,1197,43.5427486,-72.2168625,"2"
330199751003,975100,3,1262,43.5670875,-72.3263772,"2"
330199752001,975200,1,1259,43.491916,-72.0381143,"2"
330199752002,975200,2,1051,43.4442265,-72.1783487,"2"
330199752003,975200,3,2290,43.5291081,-72.1203162,"2"
330199752004,975200,4,864,43.5191609,-72.1606839,"2"
330199753001,975300,1,1009,43.3551275,-72.0907843,"2"
330199753002,975300,2,1006,43.3765008,-72.1066371,"2"
330199753003,975300,3,750,43.4349094,-72.1023478,"2"
330199753004,975300,4,577,43.4047643,-72.0710335,"2"
330199754011,975401,1,1279,43.3861175,-72.1693418,"2"
330199754012,975401,2,871,43.3872435,-72.1442336,"2"
330199754013,975401,3,880,43.3793074,-72.187981,"2"
330199754021,975402,1,1376,43.3422132,-72.20304,"2"
330199754022,975402,2,884,43.3805484,-72.2289286,"2"
330199754023,975402,3,1009,43.3563479,-72.1525421,"2"
330199755001,975500,1,1118,43.2365642,-72.1848691,"2"
330199755002,975500,2,796,43.2720918,-72.1010334,"2"
330199755003,975500,3,1192,43.1900513,-72.093871,"2"
330199756001,975600,1,1518,43.2993048,-72.2745675,"2"
330199756002,975600,2,853,43.2139225,-72.2870332,"2"
330199756003,975600,3,651,43.1869753,-72.3595871,"2"
330199757001,975700,1,2113,43.2747359,-72.3777145,"2"
330199757002,975700,2,871,43.209362,-72.4057051,"2"
330199757003,975700,3,980,43.3123786,-72.3835197,"2"
330199757004,975700,4,842,43.2487324,-72.4320797,"2"
330199758001,975800,1,943,43.3757107,-72.3998063,"2"
330199758002,975800,2,1141,43.3704541,-72.3588198,"2"
330199758003,975800,3,1096,43.3656434,-72.3590501,"2"
330199758004,975800,4,746,43.3520955,-72.3692027,"2"
330199758005,975800,5,779,43.345565,-72.3542623,"2"
330199759011,975901,1,1185,43.3860212,-72.2984182,"2"
330199759012,975901,2,1759,43.4134254,-72.3598375,"2"
330199759013,975901,3,586,43.38647,-72.3344957,"2"
330199759014,975901,4,908,43.3785667,-72.3412806,"2"
330199759021,975902,1,1000,43.3726308,-72.3417699,"2"
330199759022,975902,2,1055,43.367199,-72.340543,"2"
330199759023,975902,3,1029,43.3503586,-72.2930299,"2"
330199759024,975902,4,722,43.3453508,-72.3314606,"2"
