"GEOCODE","TRACT","BLKGRP","POP100","INTPTLAT","INTPTLON","CLUSTER"
350010001071,107,1,1727,35.1254592,-106.4851056,"1"
350010001072,107,2,966,35.1194742,-106.4936911,"1"
350010001081,108,1,1121,35.1252315,-106.507874,"1"
350010001082,108,2,1564,35.1278582,-106.5091079,"1"
350010001091,109,1,1129,35.127108,-106.5201041,"1"
350010001092,109,2,1272,35.1270663,-106.5289177,"1"
350010001101,110,1,1550,35.1193801,-106.519285,"1"
350010001102,110,2,1289,35.1215386,-106.5272917,"1"
350010001103,110,3,659,35.1180564,-106.5283512,"1"
350010001111,111,1,1781,35.1201201,-106.5033714,"1"
350010001112,111,2,1039,35.1192811,-106.5118432,"1"
350010001121,112,1,1105,35.1123394,-106.4932402,"1"
350010001122,112,2,891,35.1069429,-106.4841376,"1"
350010001131,113,1,1616,35.1124929,-106.5020975,"1"
350010001132,113,2,1390,35.1125589,-106.511055,"1"
350010001141,114,1,1598,35.1126057,-106.5288325,"1"
350010001142,114,2,1476,35.1125781,-106.5200426,"1"
350010001151,115,1,1134,35.1070648,-106.5287605,"1"
350010001152,115,2,844,35.1034459,-106.5285614,"1"
350010001153,115,3,1285,35.1052381,-106.5198987,"1"
350010001161,116,1,1412,35.1050664,-106.5018059,"1"
350010001162,116,2,1513,35.1050416,-106.5109396,"1"
350010001171,117,1,1153,35.1272257,-106.5467335,"1"
350010001172,117,2,1164,35.1269442,-106.5379299,"1"
350010001181,118,1,1760,35.1267793,-106.5555765,"1"
350010001182,118,2,934,35.1270759,-106.5641887,"1"
350010001191,119,1,1106,35.1199342,-106.5644581,"1"
350010001192,119,2,701,35.1196521,-106.5552272,"1"
350010001201,120,1,1213,35.1198549,-106.5376799,"1"
350010001202,120,2,1568,35.1199687,-106.5464922,"1"
350010001211,121,1,1435,35.1126537,-106.5376132,"1"
350010001212,121,2,1171,35.1054349,-106.5374917,"1"
350010001213,121,3,1121,35.107034,-106.5472523,"1"
350010001214,121,4,1457,35.1128008,-106.5464818,"1"
350010001215,121,5,698,35.1038547,-106.5453662,"1"
350010001221,122,1,935,35.1088002,-106.5537561,"1"
350010001222,122,2,869,35.1128046,-106.5582904,"1"
350010001223,122,3,990,35.1127932,-106.5655486,"1"
350010001224,122,4,1490,35.1051276,-106.5625044,"1"
350010001231,123,1,660,35.1000354,-106.5374108,"1"
350010001232,123,2,1024,35.0951888,-106.5365894,"1"
350010001233,123,3,963,35.0902505,-106.5385123,"1"
350010001234,123,4,1065,35.0918535,-106.5464522,"1"
350010001235,123,5,1241,35.0982696,-106.5462794,"1"
350010001241,124,1,651,35.100699,-106.572652,"1"
350010001242,124,2,870,35.0987416,-106.5637381,"1"
350010001243,124,3,639,35.0983117,-106.5576355,"1"
350010001244,124,4,1179,35.0963749,-106.5536325,"1"
350010001251,125,1,1307,35.0920487,-106.4838147,"1"
350010001252,125,2,1570,35.0918165,-106.4927602,"1"
350010001253,125,3,1129,35.0987926,-106.4923072,"1"
350010001261,126,1,1420,35.0976215,-106.50213,"1"
350010001262,126,2,1365,35.097474,-106.5109087,"1"
350010001271,127,1,726,35.0974973,-106.5176734,"1"
350010001272,127,2,989,35.0977566,-106.5229659,"1"
350010001273,127,3,1122,35.0985034,-106.5286994,"1"
350010001281,128,1,686,35.0902487,-106.5304352,"1"
350010001282,128,2,929,35.0928878,-106.5254288,"1"
350010001283,128,3,685,35.0907336,-106.5178821,"1"
350010001284,128,4,815,35.0887771,-106.5226012,"1"
350010001291,129,1,1677,35.0903918,-106.4995832,"1"
350010001292,129,2,1665,35.0901567,-106.510646,"1"
350010001293,129,3,910,35.0900665,-106.504068,"1"
350010002031,203,1,1108,35.1275552,-106.572787,"1"
350010002032,203,2,1012,35.1276237,-106.5842661,"1"
350010002041,204,1,1602,35.1271179,-106.5908875,"1"
350010002042,204,2,1371,35.1271261,-106.5996904,"1"
350010002051,205,1,897,35.1180645,-106.5908305,"1"
350010002052,205,2,612,35.1183903,-106.6000971,"1"
350010002053,205,3,683,35.1217326,-106.5997946,"1"
350010002054,205,4,1069,35.1213661,-106.591309,"1"
350010002061,206,1,1657,35.1204128,-106.5817449,"1"
350010002062,206,2,1249,35.1203681,-106.5733821,"1"
350010002071,207,1,1177,35.112762,-106.5732135,"1"
350010002072,207,2,934,35.1057642,-106.5775126,"1"
350010002073,207,3,1101,35.1127699,-106.5819517,"1"
350010002081,208,1,758,35.1128881,-106.6011312,"1"
350010002082,208,2,858,35.1101526,-106.5976094,"1"
350010002083,208,3,1074,35.1101169,-106.5901266,"1"
350010003001,300,1,1265,35.1026514,-106.609327,"1"
350010003002,300,2,754,35.0969308,-106.6082369,"1"
350010003003,300,3,721,35.0922281,-106.6076352,"1"
350010003004,300,4,772,35.0900736,-106.6114401,"1"
350010003005,300,5,1240,35.0982097,-106.6165003,"1"
350010003006,300,6,1111,35.1032268,-106.6173316,"1"
350010004011,401,1,1435,35.0988827,-106.5822893,"1"
350010004012,401,2,1073,35.0995567,-106.5906243,"1"
350010004013,401,3,1762,35.099378,-106.5994645,"1"
350010004021,402,1,1108,35.0910275,-106.5818727,"1"
350010004022,402,2,715,35.0910456,-106.5890725,"1"
350010004023,402,3,781,35.0918199,-106.5950611,"1"
350010004024,402,4,944,35.0905532,-106.6004373,"1"
350010005011,501,1,1949,35.0823269,-106.581763,"1"
350010005012,501,2,819,35.075066,-106.5819768,"1"
350010005031,503,1,1511,35.0833395,-106.5997364,"1"
350010005032,503,2,1839,35.0828342,-106.5906923,"1"
350010005041,504,1,1287,35.0759658,-106.5957285,"1"
350010006011,601,1,996,35.0896204,-106.5570867,"1"
350010006012,601,2,960,35.0927457,-106.5657257,"1"
350010006013,601,3,1125,35.0909723,-106.573144,"1"
350010006014,601,4,773,35.0971417,-106.5736429,"1"
350010006031,603,1,2444,35.0836271,-106.5551879,"1"
350010006032,603,2,2272,35.076134,-106.5558647,"1"
350010006051,605,1,1128,35.0845471,-106.5642945,"1"
350010006052,605,2,743,35.0767896,-106.5640162,"1"
350010006053,605,3,640,35.0741714,-106.5660712,"1"
350010006054,605,4,912,35.07996,-106.5642819,"1"
350010006055,605,5,696,35.0753065,-106.5735995,"1"
350010007041,704,1,741,35.0770727,-106.5101847,"1"
350010007042,704,2,921,35.0830148,-106.5106602,"1"
350010007043,704,3,2353,35.0836706,-106.524644,"1"
350010007111,711,1,2335,35.0800494,-106.4872284,"1"
350010007112,711,2,945,35.0770434,-106.490911,"1"
350010007113,711,3,992,35.0711459,-106.4904968,"1"
350010007121,712,1,2115,35.0750479,-106.5010481,"1"
350010007122,712,2,2074,35.0827828,-106.5016692,"1"
350010007131,713,1,1414,35.0670931,-106.503398,"1"
350010007132,713,2,1409,35.0665477,-106.5123419,"1"
350010007133,713,3,872,35.0602884,-106.5130952,"1"
350010007134,713,4,1814,35.062253,-106.5044233,"1"
350010007141,714,1,730,35.0539889,-106.5289637,"1"
350010007142,714,2,1579,35.0642765,-106.5197978,"1"
350010007143,714,3,1408,35.0556087,-106.5202306,"1"
350010007144,714,4,1325,35.0596137,-106.5211593,"1"
350010007151,715,1,2151,35.0701709,-106.5420203,"1"
350010007161,716,1,1377,35.0833932,-106.5417892,"1"
350010007162,716,2,960,35.0782036,-106.5373567,"1"
350010007163,716,3,867,35.0748758,-106.5462601,"1"
350010007164,716,4,929,35.0744145,-106.5371301,"1"
350010007171,717,1,1848,35.0714616,-106.507447,"1"
350010007181,718,1,1632,35.0690588,-106.5243798,"1"
350010007182,718,2,1238,35.0767047,-106.5283463,"1"
350010007183,718,3,1630,35.0743918,-106.5198395,"1"
350010007191,719,1,3045,35.0484926,-106.5168182,"1"
350010007201,720,1,951,35.0523932,-106.4664695,"1"
350010007202,720,2,2538,35.0508145,-106.4968087,"1"
350010007203,720,3,1042,35.0487254,-106.4867485,"1"
350010009041,904,1,2080,35.0690877,-106.5731033,"1"
350010009042,904,2,2135,35.05965,-106.5730153,"1"
350010009051,905,1,2079,35.0691814,-106.5819291,"1"
350010009061,906,1,1395,35.0617951,-106.5840554,"1"
350010009062,906,2,1539,35.0620857,-106.5796857,"1"
350010009063,906,3,560,35.0543422,-106.5797134,"1"
350010009071,907,1,771,35.0709133,-106.5526772,"1"
350010009072,907,2,994,35.0672822,-106.5549437,"1"
350010009073,907,3,696,35.0709399,-106.5571128,"1"
350010009081,908,1,1222,35.0708697,-106.5618089,"1"
350010009082,908,2,1161,35.070876,-106.5664733,"1"
350010009083,908,3,1075,35.0681034,-106.5640524,"1"
350010009084,908,4,924,35.0638972,-106.5658068,"1"
350010011011,1101,1,1764,35.0637518,-106.5980719,"1"
350010011012,1101,2,701,35.0706054,-106.5993933,"1"
350010011013,1101,3,2058,35.0672253,-106.5906138,"1"
350010011021,1102,1,648,35.0713464,-106.6082721,"1"
350010011022,1102,2,784,35.0620407,-106.6109398,"1"
350010011023,1102,3,1470,35.0619711,-106.6064727,"1"
350010012011,1201,1,772,35.0651796,-106.6152741,"1"
350010012012,1201,2,1275,35.067433,-106.6196154,"1"
350010012013,1201,3,1070,35.0708679,-106.6192108,"1"
350010012014,1201,4,735,35.061668,-106.619743,"1"
350010012021,1202,1,1759,35.0442324,-106.6249877,"1"
350010012022,1202,2,2262,35.0677667,-106.6317055,"2"
350010013001,1300,1,837,35.0625024,-106.6482187,"2"
350010013002,1300,2,882,35.0630508,-106.6417561,"2"
350010013003,1300,3,958,35.0676588,-106.644856,"2"
350010013004,1300,4,1312,35.0537235,-106.6398078,"2"
350010014001,1400,1,1152,35.0732257,-106.6581133,"2"
350010014002,1400,2,1172,35.0769373,-106.6527318,"2"
350010015001,1500,1,1085,35.0824301,-106.6407317,"2"
350010015002,1500,2,1767,35.0746297,-106.6440555,"2"
350010017011,1701,1,978,35.0839373,-106.6086054,"1"
350010017012,1701,2,1034,35.0770363,-106.6090527,"1"
350010017021,1702,1,1259,35.079234,-106.618525,"1"
350010017022,1702,2,790,35.075492,-106.6214019,"1"
350010017023,1702,3,747,35.0754837,-106.6158024,"1"
350010018001,1800,1,436,35.0939767,-106.6212411,"1"
350010018002,1800,2,1775,35.0842562,-106.6198431,"1"
350010020001,2000,1,1299,35.0982094,-106.6352482,"2"
350010020002,2000,2,1188,35.0935255,-106.6398763,"2"
350010021001,2100,1,2126,35.0857393,-106.6501949,"2"
350010022001,2200,1,1624,35.0848447,-106.6609319,"2"
350010022002,2200,2,718,35.0778456,-106.6622966,"2"
350010022003,2200,3,1345,35.0897377,-106.6733467,"2"
350010023011,2301,1,652,35.0710829,-106.6976521,"2"
350010023012,2301,2,1372,35.0780557,-106.6943213,"2"
350010023021,2302,1,1299,35.0806125,-106.6881685,"2"
350010023022,2302,2,2183,35.078832,-106.6779776,"2"
350010023031,2303,1,1607,35.0697543,-106.6742414,"2"
350010023032,2303,2,1102,35.0694293,-106.6890648,"2"
350010024011,2401,1,1634,35.1015719,-106.6958428,"2"
350010024012,2401,2,1310,35.0972904,-106.7032628,"2"
350010024013,2401,3,1989,35.0892095,-106.694577,"2"
350010024031,2403,1,1128,35.0916866,-106.7050013,"2"
350010024032,2403,2,1368,35.0828142,-106.7049472,"2"
350010024033,2403,3,1502,35.086776,-106.70627,"2"
350010024041,2404,1,1027,35.0798459,-106.7039385,"2"
350010024042,2404,2,1156,35.0768551,-106.7032472,"2"
350010024043,2404,3,1491,35.0721416,-106.7034079,"2"
350010027001,2700,1,1695,35.1001973,-106.6496749,"2"
350010027002,2700,2,1976,35.0920084,-106.6549997,"2"
350010029001,2900,1,1676,35.1164606,-106.6513224,"2"
350010029002,2900,2,946,35.1098785,-106.6490417,"2"
350010029003,2900,3,1223,35.1116775,-106.6357896,"2"
350010030011,3001,1,1323,35.1210457,-106.6659721,"2"
350010030012,3001,2,1013,35.1148605,-106.6617987,"2"
350010030013,3001,3,1333,35.108673,-106.6650643,"2"
350010030014,3001,4,1055,35.1147599,-106.6702254,"2"
350010030021,3002,1,2212,35.118606,-106.6835359,"2"
350010030022,3002,2,1638,35.1099127,-106.6781269,"2"
350010031001,3100,1,1119,35.1366151,-106.6773218,"2"
350010031002,3100,2,1674,35.1342687,-106.6648541,"2"
350010032011,3201,1,1723,35.1306524,-106.6311135,"2"
350010032012,3201,2,1149,35.1342128,-106.6495897,"2"
350010032021,3202,1,2015,35.1257617,-106.6495067,"2"
350010032022,3202,2,1871,35.1285613,-106.6591252,"2"
350010032023,3202,3,828,35.1285287,-106.6443051,"2"
350010032024,3202,4,917,35.1219224,-106.6336329,"2"
350010034001,3400,1,1138,35.1207632,-106.6062012,"1"
350010034002,3400,2,1234,35.1143453,-106.6162708,"1"
350010034003,3400,3,1996,35.1279088,-106.6121797,"1"
350010035011,3501,1,1946,35.1690344,-106.6248743,"1"
350010035012,3501,2,1533,35.1586784,-106.630866,"2"
350010035013,3501,3,1901,35.1452926,-106.6328041,"2"
350010035021,3502,1,1209,35.1751033,-106.6402959,"2"
350010035022,3502,2,1218,35.1622204,-106.6557538,"2"
350010035023,3502,3,1275,35.1525945,-106.6507115,"2"
350010035024,3502,4,1410,35.1447953,-106.6507086,"2"
350010036001,3600,1,1691,35.1852717,-106.6143823,"1"
350010036002,3600,2,1948,35.1918134,-106.6248012,"1"
350010036003,3600,3,1231,35.199217,-106.6080064,"1"
350010036004,3600,4,1290,35.2026746,-106.6254531,"2"
350010037071,3707,1,1764,35.1423339,-106.5648953,"1"
350010037072,3707,2,1149,35.1342324,-106.5555343,"1"
350010037073,3707,3,1970,35.1345292,-106.5642469,"1"
350010037121,3712,1,1308,35.170033,-106.5463938,"1"
350010037122,3712,2,1308,35.1705611,-106.5555332,"1"
350010037123,3712,3,1187,35.1635694,-106.5559382,"1"
350010037124,3712,4,1218,35.1625376,-106.5476684,"1"
350010037151,3715,1,815,35.1549029,-106.545601,"1"
350010037152,3715,2,1229,35.1508647,-106.5291516,"1"
350010037153,3715,3,657,35.1500641,-106.5355205,"1"
350010037154,3715,4,1491,35.1564723,-106.5335616,"1"
350010037171,3717,1,982,35.1446892,-106.5489901,"1"
350010037172,3717,2,1296,35.1439368,-106.5353677,"1"
350010037173,3717,3,1539,35.1397744,-106.5462758,"1"
350010037174,3717,4,1423,35.1440667,-106.5413903,"1"
350010037181,3718,1,1816,35.1335856,-106.5391726,"1"
350010037182,3718,2,724,35.1348837,-106.5474515,"1"
350010037191,3719,1,2435,35.1334346,-106.5243143,"1"
350010037192,3719,2,1599,35.1362209,-106.5085161,"1"
350010037193,3719,3,1349,35.1339281,-106.5024634,"1"
350010037221,3722,1,2258,35.1792925,-106.5757324,"1"
350010037222,3722,2,3468,35.1923658,-106.5700292,"1"
350010037223,3722,3,1497,35.1794524,-106.5643226,"1"
350010037231,3723,1,1020,35.1705423,-106.5730921,"1"
350010037232,3723,2,1354,35.1705366,-106.5643454,"1"
350010037233,3723,3,1336,35.1630462,-106.564256,"1"
350010037234,3723,4,1731,35.1632598,-106.5732651,"1"
350010037235,3723,5,1302,35.1666036,-106.5815191,"1"
350010037241,3724,1,1249,35.1495261,-106.5612605,"1"
350010037242,3724,2,2199,35.1522522,-106.5677643,"1"
350010037251,3725,1,1412,35.157066,-106.5761023,"1"
350010037252,3725,2,1547,35.1526814,-106.5828937,"1"
350010037253,3725,3,1419,35.1494961,-106.5759183,"1"
350010037261,3726,1,1128,35.15503,-106.515317,"1"
350010037262,3726,2,1269,35.155384,-106.504182,"1"
350010037281,3728,1,1064,35.1385713,-106.5210792,"1"
350010037282,3728,2,769,35.1374104,-106.5287648,"1"
350010037283,3728,3,2518,35.1431692,-106.525859,"1"
350010037291,3729,1,877,35.165946,-106.5168935,"1"
350010037292,3729,2,1130,35.1682865,-106.5040737,"1"
350010037301,3730,1,1867,35.1701542,-106.5377243,"1"
350010037302,3730,2,1276,35.1626208,-106.5379968,"1"
350010037303,3730,3,1602,35.1675807,-106.5283905,"1"
350010037311,3731,1,1397,35.1839111,-106.5247862,"1"
350010037312,3731,2,2363,35.1835853,-106.5115726,"1"
350010037331,3733,1,1337,35.1399974,-106.5903208,"1"
350010037332,3733,2,2198,35.1367393,-106.5978585,"1"
350010037361,3736,1,2589,35.174177,-106.5943037,"1"
350010037371,3737,1,1294,35.1420598,-106.5076545,"1"
350010037372,3737,2,1466,35.148792,-106.5021999,"1"
350010037381,3738,1,2033,35.1508218,-106.5227374,"1"
350010037382,3738,2,940,35.1497349,-106.5120013,"1"
350010037383,3738,3,986,35.1462407,-106.5112901,"1"
350010037384,3738,4,900,35.1464846,-106.5185258,"1"
350010037391,3739,1,1873,35.1355979,-106.5734854,"1"
350010037401,3740,1,1256,35.1402809,-106.582263,"1"
350010037402,3740,2,2541,35.1347579,-106.5820083,"1"
350010037403,3740,3,1183,35.1431244,-106.5820428,"1"
350010037411,3741,1,1041,35.1636804,-106.4891071,"1"
350010037412,3741,2,815,35.1566538,-106.4854774,"1"
350010037413,3741,3,5,35.1797297,-106.4440889,"1"
350010037422,3742,2,1525,35.1348393,-106.4905597,"1"
350010037423,3742,3,1213,35.1503335,-106.4930432,"1"
350010037424,3742,4,1849,35.143902,-106.4875047,"1"
350010037431,3743,1,1910,35.1875409,-106.5521959,"1"
350010037432,3743,2,2724,35.1787658,-106.5441375,"1"
350010037433,3743,3,1563,35.1792896,-106.5555054,"1"
350010037441,3744,1,1376,35.1914531,-106.5434941,"1"
350010037451,3745,1,1361,35.1463429,-106.6116042,"1"
350010037461,3746,1,1523,35.1601875,-106.6120385,"1"
350010037462,3746,2,2322,35.1702572,-106.6073226,"1"
350010037463,3746,3,1067,35.168057,-106.614054,"1"
350010038031,3803,1,2227,35.1781825,-106.2830516,"1"
350010038032,3803,2,1173,35.1967068,-106.3587414,"1"
350010038041,3804,1,1582,35.1179802,-106.2858688,"1"
350010038042,3804,2,1004,35.1163477,-106.2498468,"1"
350010038043,3804,3,1663,35.1397914,-106.3341907,"1"
350010038044,3804,4,1248,35.1152111,-106.3656002,"1"
350010038051,3805,1,1517,35.1223891,-106.405013,"1"
350010038052,3805,2,706,35.0863994,-106.4599568,"1"
350010038061,3806,1,1668,35.0637736,-106.2787132,"1"
350010038062,3806,2,1753,35.051207,-106.3458989,"1"
350010038071,3807,1,1647,34.9849476,-106.4264137,"1"
350010038072,3807,2,1106,34.9979,-106.284574,"1"
350010038073,3807,3,1616,34.9130715,-106.2413716,"1"
350010040011,4001,1,511,34.9746569,-106.6079614,"1"
350010040012,4001,2,1803,35.0034996,-106.653698,"2"
350010040013,4001,3,1272,34.9743883,-106.6796583,"2"
350010040014,4001,4,1730,35.0305257,-106.6646963,"2"
350010043001,4300,1,870,35.0610814,-106.6617744,"2"
350010043002,4300,2,937,35.0577002,-106.6659705,"2"
350010043003,4300,3,1464,35.0598608,-106.671871,"2"
350010043004,4300,4,1653,35.0589122,-106.6808279,"2"
350010044011,4401,1,2028,35.0610816,-106.6929197,"2"
350010044012,4401,2,900,35.0557622,-106.6999067,"2"
350010044021,4402,1,2293,35.0435468,-106.7003208,"2"
350010044022,4402,2,1657,35.0314751,-106.7015668,"2"
350010045011,4501,1,2315,35.0442118,-106.6727718,"2"
350010045012,4501,2,884,35.0316925,-106.6754561,"2"
350010045021,4502,1,2301,35.0452027,-106.6846559,"2"
350010045022,4502,2,989,35.0320116,-106.6848861,"2"
350010046021,4602,1,2374,34.9753567,-106.7081732,"2"
350010046022,4602,2,1777,34.9595676,-106.6979878,"2"
350010046031,4603,1,687,35.0203275,-106.6788084,"2"
350010046032,4603,2,800,35.0175784,-106.7048075,"2"
350010046033,4603,3,1968,35.0217545,-106.6935038,"2"
350010046041,4604,1,2315,34.9991093,-106.6940447,"2"
350010046042,4604,2,2887,35.004619,-106.7083375,"2"
350010047121,4712,1,2484,35.0713467,-106.7588777,"2"
350010047122,4712,2,2110,35.0580601,-106.7488133,"2"
350010047123,4712,3,2160,35.0610729,-106.7535971,"2"
350010047131,4713,1,1940,35.0434458,-106.7478536,"2"
350010047132,4713,2,2641,35.0511336,-106.7437612,"2"
350010047133,4713,3,2326,35.0499032,-106.7529948,"2"
350010047151,4715,1,2824,35.0102815,-106.7330105,"2"
350010047152,4715,2,1702,34.9842508,-106.7562106,"2"
350010047161,4716,1,1449,35.2114554,-106.6533866,"2"
350010047162,4716,2,849,35.1973656,-106.6531816,"2"
350010047201,4720,1,2073,35.1999184,-106.6886557,"2"
350010047202,4720,2,1750,35.1983122,-106.6943354,"2"
350010047221,4722,1,1936,35.1564424,-106.6874956,"2"
350010047222,4722,2,956,35.152422,-106.6861478,"2"
350010047223,4722,3,2004,35.1625163,-106.6725415,"2"
350010047231,4723,1,2600,35.1733572,-106.6919675,"2"
350010047232,4723,2,868,35.1769145,-106.6846393,"2"
350010047233,4723,3,1230,35.1639625,-106.6919139,"2"
350010047234,4723,4,2058,35.1695411,-106.6802584,"2"
350010047241,4724,1,1489,35.1626549,-106.7094444,"2"
350010047242,4724,2,1480,35.1669314,-106.699836,"2"
350010047251,4725,1,1693,35.1556172,-106.7116113,"2"
350010047252,4725,2,1765,35.157178,-106.6993203,"2"
350010047261,4726,1,2297,35.1466881,-106.7184235,"2"
350010047271,4727,1,738,35.1496472,-106.71277,"2"
350010047272,4727,2,1286,35.1496173,-106.7060049,"2"
350010047281,4728,1,1528,35.1350312,-106.7051504,"2"
350010047282,4728,2,1243,35.1490115,-106.6926438,"2"
350010047283,4728,3,885,35.1483251,-106.6998841,"2"
350010047284,4728,4,1354,35.1431209,-106.7028652,"2"
350010047291,4729,1,2797,35.1357196,-106.6933468,"2"
350010047292,4729,2,1765,35.1140434,-106.6970752,"2"
350010047331,4733,1,1476,35.0537318,-106.7351184,"2"
350010047332,4733,2,1779,35.053188,-106.7270723,"2"
350010047333,4733,3,1173,35.0417754,-106.7305159,"2"
350010047334,4733,4,2289,35.0469211,-106.7311368,"2"
350010047341,4734,1,2343,35.0411737,-106.7229145,"2"
350010047342,4734,2,1772,35.0558565,-106.717891,"2"
350010047343,4734,3,1125,35.0480312,-106.7228202,"2"
350010047344,4734,4,1854,35.0483073,-106.7189589,"2"
350010047351,4735,1,964,35.0560477,-106.709486,"2"
350010047352,4735,2,1262,35.0445779,-106.7138129,"2"
350010047361,4736,1,1768,35.0512374,-106.7783495,"2"
350010047371,4737,1,3364,35.0394293,-106.7453296,"2"
350010047372,4737,2,3308,35.0335003,-106.7472988,"2"
350010047373,4737,3,1988,35.0271871,-106.7465304,"2"
350010047381,4738,1,2441,35.0315799,-106.7208145,"2"
350010047382,4738,2,2471,35.0272568,-106.7337955,"2"
350010047383,4738,3,2020,35.0349649,-106.7336421,"2"
350010047391,4739,1,2572,35.0600699,-106.7359627,"2"
350010047392,4739,2,1338,35.0666285,-106.7399332,"2"
350010047393,4739,3,1513,35.0668104,-106.7344858,"2"
350010047394,4739,4,1131,35.0722876,-106.7358136,"2"
350010047421,4742,1,2186,35.1308613,-106.7138108,"2"
350010047422,4742,2,2548,35.1209673,-106.7175352,"2"
350010047423,4742,3,1385,35.1114965,-106.7269245,"2"
350010047431,4743,1,2174,35.0966142,-106.7345249,"2"
350010047432,4743,2,1853,35.0909907,-106.7442642,"2"
350010047441,4744,1,2345,35.1061312,-106.7369609,"2"
350010047442,4744,2,2452,35.0972645,-106.7459098,"2"
350010047443,4744,3,2914,35.0926123,-106.7831442,"2"
350010047451,4745,1,2861,35.2141848,-106.6911696,"2"
350010047452,4745,2,1480,35.2111537,-106.6802339,"2"
350010047453,4745,3,2084,35.2081683,-106.6966542,"2"
350010047471,4747,1,1693,35.1990519,-106.7137737,"2"
350010047472,4747,2,610,35.2004003,-106.7062539,"2"
350010047473,4747,3,2522,35.1982234,-106.7239682,"2"
350010047491,4749,1,1863,35.115013,-106.7064029,"2"
350010047492,4749,2,1403,35.1233809,-106.7073334,"2"
350010047493,4749,3,1053,35.123421,-106.7047018,"2"
350010047501,4750,1,2394,35.1071233,-106.7150054,"2"
350010047502,4750,2,1014,35.1090643,-106.7074994,"2"
350010047503,4750,3,1083,35.1040907,-106.7207227,"2"
350010047504,4750,4,1856,35.1005749,-106.7263916,"2"
350010047521,4752,1,2276,35.1880051,-106.67481,"2"
350010047522,4752,2,833,35.1839884,-106.6815119,"2"
350010047523,4752,3,741,35.1842243,-106.6683304,"2"
350010047531,4753,1,2711,35.194288,-106.6726189,"2"
350010047532,4753,2,1332,35.1885668,-106.6574413,"2"
350010047541,4754,1,2406,35.2085114,-106.7192355,"2"
350010047542,4754,2,2148,35.2106016,-106.7077462,"2"
350010047551,4755,1,1829,35.2160196,-106.7036509,"2"
350010047552,4755,2,2078,35.2101705,-106.7457766,"2"
350010047561,4756,1,4303,35.1839118,-106.7167793,"2"
350010047571,4757,1,2143,35.1987802,-106.7424099,"2"
350010047572,4757,2,1681,35.1942079,-106.7396165,"2"
350010047573,4757,3,1211,35.2006383,-106.7474097,"2"
350010047581,4758,1,2726,35.2007427,-106.7335583,"2"
350010047582,4758,2,1293,35.1921059,-106.7321632,"2"
350010047591,4759,1,1472,35.0769655,-106.7348845,"2"
350010047592,4759,2,2694,35.0844093,-106.7368925,"2"
350010047601,4760,1,2879,35.095723,-106.7175133,"2"
350010047602,4760,2,960,35.0828537,-106.7196325,"2"
350010047611,4761,1,2012,35.064885,-106.7139971,"2"
350010047621,4762,1,1747,35.0670896,-106.7272984,"2"
350010047622,4762,2,799,35.0733064,-106.7264273,"2"
350010047623,4762,3,1750,35.0744153,-106.7151243,"2"
350010047624,4762,4,985,35.0608987,-106.726473,"2"
350010047631,4763,1,2350,35.2129583,-106.6709695,"2"
350010047632,4763,2,2457,35.2074928,-106.6640256,"2"
350010047641,4764,1,1619,35.202372,-106.6709598,"2"
350010047642,4764,2,1910,35.1997565,-106.6625934,"2"
350010048001,4800,1,1382,35.1021982,-106.6638327,"2"
350010048002,4800,2,1575,35.1024949,-106.6836259,"2"
350010048003,4800,3,894,35.0956337,-106.6691305,"2"
350010049001,4900,1,1677,35.0789916,-106.6305645,"2"
350010049002,4900,2,795,35.0833089,-106.6313891,"2"
350010049003,4900,3,1034,35.0880289,-106.6303922,"2"
350019405001,940500,1,713,35.2095972,-106.542514,"1"
350019405002,940500,2,2245,35.1825695,-106.4744879,"1"
350019406011,940601,1,2612,35.199618,-106.7539136,"2"
350019406012,940601,2,4226,35.1844718,-106.7348719,"2"
350019406013,940601,3,3820,35.1696246,-106.7317527,"2"
350019406021,940602,1,1570,35.115574,-107.0586124,"2"
350019406022,940602,2,529,35.089023,-106.8720519,"2"
350019407001,940700,1,2372,34.9167148,-106.7073513,"2"
350019408001,940800,1,16,35.017084,-106.9648085,"2"
350019800001,980000,1,765,35.0615564,-106.5623751,"1"
350019800002,980000,2,563,35.0605675,-106.5990972,"1"
350019800003,980000,3,2523,35.0613201,-106.5410309,"1"
350019800004,980000,4,727,35.0044887,-106.5361241,"1"
350019803001,980300,1,3,35.0823612,-106.5727516,"1"
350019805001,980500,1,1297,35.0076895,-106.8603406,"2"
350019806001,980600,1,7,35.1405385,-106.7609693,"2"
350039764011,976401,1,843,33.4930446,-108.7779828,"2"
350039764012,976401,2,769,33.7812126,-108.6145585,"2"
350039764021,976402,1,674,34.2303708,-108.3037786,"2"
350039764022,976402,2,518,34.3416021,-108.7606151,"2"
350039764023,976402,3,775,33.8931657,-108.0358907,"2"
350050002011,201,1,911,33.3874015,-104.5315993,"3"
350050002012,201,2,893,33.3952254,-104.5266954,"3"
350050002013,201,3,999,33.3834316,-104.5379765,"3"
350050002014,201,4,698,33.3933914,-104.5368639,"3"
350050002021,202,1,1712,33.3861326,-104.5529107,"3"
350050002022,202,2,830,33.3824075,-104.5443965,"3"
350050002023,202,3,1237,33.394161,-104.5508932,"3"
350050003011,301,1,1680,33.412376,-104.5340035,"3"
350050003012,301,2,1065,33.4039498,-104.5325169,"3"
350050003013,301,3,842,33.402995,-104.5473135,"3"
350050003021,302,1,2061,33.4177691,-104.5372082,"3"
350050003022,302,2,607,33.4114328,-104.5209075,"3"
350050004001,400,1,1202,33.4197408,-104.4972912,"3"
350050004002,400,2,1501,33.4012509,-104.480366,"3"
350050004003,400,3,551,33.3994548,-104.5141652,"3"
350050004004,400,4,1267,33.3945317,-104.5029077,"3"
350050005001,500,1,964,33.3858532,-104.5240977,"3"
350050005002,500,2,977,33.3790321,-104.5251675,"3"
350050006001,600,1,964,33.3604763,-104.4996838,"3"
350050006002,600,2,635,33.3886584,-104.5124463,"3"
350050006003,600,3,803,33.3833783,-104.5122491,"3"
350050006004,600,4,1413,33.3745303,-104.5118504,"3"
350050006005,600,5,695,33.3682038,-104.5168952,"3"
350050007001,700,1,789,33.371335,-104.5211683,"3"
350050007002,700,2,1356,33.370826,-104.5275548,"3"
350050007003,700,3,1447,33.3580338,-104.527691,"3"
350050007004,700,4,1079,33.3484785,-104.5209654,"3"
350050008001,800,1,1334,33.3763028,-104.5354198,"3"
350050008002,800,2,979,33.3597869,-104.5524823,"3"
350050008003,800,3,1527,33.3687452,-104.5366158,"3"
350050008004,800,4,1180,33.3614429,-104.536734,"3"
350050008005,800,5,1043,33.352282,-104.5391868,"3"
350050009001,900,1,1899,33.4095802,-104.5736876,"3"
350050009002,900,2,1286,33.3868863,-104.5773095,"3"
350050010011,1001,1,1946,33.4331514,-104.5000077,"3"
350050010012,1001,2,2147,33.4447467,-104.5126053,"3"
350050010013,1001,3,1251,33.4354527,-104.5167093,"3"
350050010021,1002,1,1675,33.4274896,-104.5206604,"3"
350050010022,1002,2,2234,33.431179,-104.5327813,"3"
350050010023,1002,3,799,33.4401718,-104.5442237,"3"
350050011011,1101,1,1081,33.3208806,-104.5637537,"3"
350050011012,1101,2,1706,33.2744699,-104.4775829,"3"
350050011013,1101,3,1209,33.3006245,-104.525207,"3"
350050011014,1101,4,1394,33.3161197,-104.5175992,"3"
350050011021,1102,1,1555,33.7299045,-104.6153134,"3"
350050011022,1102,2,1573,33.4827806,-104.4377835,"3"
350050011023,1102,3,728,32.9695973,-105.0623909,"3"
350050012001,1200,1,852,33.3433157,-104.4442412,"3"
350050012002,1200,2,595,33.585007,-104.0287933,"3"
350050013001,1300,1,1200,33.2038993,-104.3573887,"3"
350050013002,1300,2,2230,33.1759645,-104.3968082,"3"
350050014001,1400,1,1441,33.0249751,-104.2176845,"3"
350050014002,1400,2,1115,33.1217236,-104.3341861,"3"
350069415001,941500,1,3224,34.8366529,-107.5475409,"2"
350069458001,945800,1,1291,34.8293771,-108.4092856,"2"
350069458002,945800,2,1297,35.0130336,-108.3853053,"2"
350069461001,946100,1,1127,35.0723325,-107.2299684,"2"
350069461002,946100,2,1150,34.9354078,-107.3481569,"2"
350069461003,946100,3,1763,35.103346,-107.4411697,"2"
350069742011,974201,1,1913,35.1671003,-107.8192801,"2"
350069742012,974201,2,1533,35.1520565,-107.8242618,"2"
350069742013,974201,3,780,35.1025083,-107.7953065,"2"
350069742014,974201,4,1052,35.1375675,-107.809961,"2"
350069742021,974202,1,713,35.1558929,-107.8402469,"2"
350069742022,974202,2,936,35.1573193,-107.8321556,"2"
350069742023,974202,3,1135,35.1505843,-107.831957,"2"
350069744011,974401,1,482,35.1547854,-107.8537503,"2"
350069744012,974401,2,467,35.1660527,-107.8607826,"2"
350069744021,974402,1,754,35.1921181,-107.8789744,"2"
350069744022,974402,2,1401,35.1919612,-107.9065226,"2"
350069747011,974701,1,780,35.1768991,-107.9180972,"2"
350069747012,974701,2,1321,35.1572378,-108.1761802,"2"
350069747013,974701,3,631,34.7175295,-108.7084473,"2"
350069747014,974701,4,803,35.2739607,-107.8927045,"2"
350069747015,974701,5,860,35.2481219,-108.059559,"2"
350069747021,974702,1,1759,35.2148825,-107.5454256,"2"
350079505001,950500,1,499,36.9110709,-104.4325442,"1"
350079505002,950500,2,475,36.9114001,-104.436878,"1"
350079505003,950500,3,535,36.9058032,-104.4286281,"1"
350079505004,950500,4,835,36.8975688,-104.43477,"1"
350079505005,950500,5,1052,36.9501802,-104.4082548,"1"
350079505006,950500,6,712,36.7447854,-104.2442505,"1"
350079506001,950600,1,653,36.937127,-104.4789397,"1"
350079506002,950600,2,511,36.8979847,-104.4451557,"1"
350079506003,950600,3,269,36.9022451,-104.4419958,"1"
350079506004,950600,4,753,36.885274,-104.4445657,"1"
350079506005,950600,5,837,36.8624527,-104.7240683,"1"
350079507001,950700,1,1051,36.4044498,-104.4655191,"1"
350079507002,950700,2,942,36.368904,-104.591421,"1"
350079507003,950700,3,1268,36.556704,-105.0268277,"1"
350079507004,950700,4,691,36.5070802,-104.9093154,"1"
350079507005,950700,5,1304,36.3693825,-105.25479,"1"
350090001001,100,1,1006,34.4110229,-103.2420113,"3"
350090001002,100,2,1011,34.4047484,-103.2358846,"3"
350090001003,100,3,1093,34.4028914,-103.2255395,"3"
350090001004,100,4,593,34.4024651,-103.2160708,"3"
350090001005,100,5,816,34.4022705,-103.209118,"3"
350090002011,201,1,1029,34.4303965,-103.2183717,"3"
350090002012,201,2,898,34.4229179,-103.2179118,"3"
350090002013,201,3,1294,34.4258459,-103.2371392,"3"
350090002014,201,4,993,34.4305884,-103.2268408,"3"
350090002021,202,1,1061,34.4153488,-103.2272114,"3"
350090002022,202,2,865,34.4160842,-103.2182954,"3"
350090002023,202,3,672,34.4094096,-103.2135973,"3"
350090002024,202,4,1488,34.4098582,-103.2237427,"3"
350090003031,303,1,1456,34.4136304,-103.186501,"3"
350090003032,303,2,1992,34.4087746,-103.1651304,"3"
350090003033,303,3,943,34.4172017,-103.169697,"3"
350090003051,305,1,933,34.4156802,-103.2009055,"3"
350090003052,305,2,1164,34.4132514,-103.2093377,"3"
350090003061,306,1,1325,34.4436479,-103.206001,"3"
350090003062,306,2,725,34.4280862,-103.2107905,"3"
350090003063,306,3,826,34.4237647,-103.2005659,"3"
350090003064,306,4,1256,34.4226277,-103.2085824,"3"
350090003071,307,1,1455,34.444319,-103.1892858,"3"
350090003072,307,2,1457,34.4373115,-103.1872394,"3"
350090003081,308,1,1739,34.4265902,-103.1696958,"3"
350090003082,308,2,1941,34.4275132,-103.186575,"3"
350090004001,400,1,666,34.4003432,-103.163808,"3"
350090004002,400,2,1385,34.4083737,-103.193318,"3"
350090004003,400,3,867,34.408353,-103.2021746,"3"
350090004004,400,4,1168,34.4008397,-103.1982184,"3"
350090005001,500,1,782,34.3851195,-103.1842521,"3"
350090005002,500,2,1305,34.3828794,-103.2273574,"3"
350090006011,601,1,577,34.4981331,-103.5817936,"3"
350090006012,601,2,549,34.4294595,-103.625073,"3"
350090006021,602,1,1313,34.718184,-103.1140908,"3"
350090006022,602,2,1283,34.6662517,-103.3723679,"3"
350090006023,602,3,2600,34.4373581,-103.0993867,"3"
350090006031,603,1,1503,34.3542795,-103.2757366,"3"
350090006032,603,2,862,34.3536738,-103.1170113,"3"
350090006033,603,3,1037,34.3935987,-103.0535271,"3"
350090006034,603,4,524,34.3394885,-103.2190466,"3"
350090009001,900,1,719,34.3821366,-103.3169436,"3"
350090009002,900,2,1259,34.4090723,-103.3281955,"3"
350119601001,960100,1,587,34.4869436,-104.217668,"3"
350119601002,960100,2,1111,34.3592729,-104.3686961,"3"
350130001021,102,1,1446,32.3368833,-106.7713753,"3"
350130001022,102,2,606,32.333229,-106.7697077,"3"
350130001023,102,3,834,32.3294644,-106.7608278,"3"
350130001024,102,4,1056,32.3290193,-106.7662576,"3"
350130001031,103,1,1451,32.3341501,-106.7866577,"3"
350130001032,103,2,1440,32.346126,-106.7903011,"3"
350130001033,103,3,1418,32.3403462,-106.7977703,"3"
350130001041,104,1,2567,32.3538273,-106.7785143,"3"
350130001042,104,2,1637,32.3541771,-106.785885,"3"
350130001043,104,3,1155,32.3419505,-106.7803981,"3"
350130002031,203,1,796,32.3367373,-106.8093859,"3"
350130002032,203,2,1848,32.3217606,-106.8021378,"3"
350130002041,204,1,1769,32.3050335,-106.8176697,"3"
350130002042,204,2,2100,32.3207131,-106.8145077,"3"
350130002043,204,3,796,32.3283709,-106.8238243,"3"
350130002051,205,1,1197,32.2870398,-106.795279,"3"
350130002052,205,2,1680,32.3029916,-106.8078125,"3"
350130002061,206,1,1133,32.2959402,-106.7836086,"3"
350130002062,206,2,1600,32.2970398,-106.7970623,"3"
350130003001,300,1,1194,32.325715,-106.7835631,"3"
350130003002,300,2,1068,32.319159,-106.7870484,"3"
350130003003,300,3,1273,32.3270254,-106.7928559,"3"
350130004011,401,1,1094,32.320802,-106.7750998,"3"
350130004012,401,2,882,32.3138023,-106.768836,"3"
350130004013,401,3,467,32.3103673,-106.7727438,"3"
350130004021,402,1,1219,32.3274081,-106.773323,"3"
350130004022,402,2,1091,32.3241223,-106.7695352,"3"
350130004023,402,3,1201,32.318598,-106.7637618,"3"
350130004024,402,4,951,32.314103,-106.7571361,"3"
350130004025,402,5,1119,32.3229849,-106.7568123,"3"
350130005001,500,1,1045,32.3178094,-106.7954261,"3"
350130005002,500,2,560,32.3091535,-106.7913743,"3"
350130005003,500,3,905,32.311358,-106.7826317,"3"
350130006001,600,1,635,32.3067614,-106.765655,"3"
350130006002,600,2,951,32.3014405,-106.7642054,"3"
350130006003,600,3,1073,32.3022201,-106.7760468,"3"
350130007001,700,1,1608,32.3089235,-106.749259,"3"
350130007002,700,2,913,32.2989928,-106.7559078,"3"
350130007003,700,3,818,32.3003571,-106.7521419,"3"
350130007004,700,4,1208,32.3012771,-106.7465009,"3"
350130007005,700,5,1513,32.3064183,-106.7563704,"3"
350130008001,800,1,859,32.2950994,-106.7448704,"3"
350130008002,800,2,1942,32.2900031,-106.7443484,"3"
350130008003,800,3,1367,32.2938521,-106.7527872,"3"
350130009011,901,1,1124,32.2972544,-106.7629235,"3"
350130009012,901,2,1469,32.2920758,-106.7705413,"3"
350130009021,902,1,1164,32.2917105,-106.758522,"3"
350130009022,902,2,1019,32.2848652,-106.7688334,"3"
350130009023,902,3,1362,32.2862586,-106.7589241,"3"
350130009024,902,4,767,32.2878364,-106.7512594,"3"
350130010001,1000,1,268,32.2789799,-106.7569908,"3"
350130010002,1000,2,1923,32.2817376,-106.7446041,"3"
350130010003,1000,3,823,32.2713901,-106.7398641,"3"
350130011021,1102,1,823,32.2748695,-106.811133,"3"
350130011022,1102,2,1801,32.2730777,-106.7860457,"3"
350130011031,1103,1,1722,32.2377132,-106.7804,"3"
350130011032,1103,2,989,32.2609013,-106.7703178,"3"
350130011033,1103,3,1201,32.2705471,-106.7736172,"3"
350130011051,1105,1,1055,32.27432,-106.7636266,"3"
350130011052,1105,2,1681,32.2691758,-106.7538664,"3"
350130011061,1106,1,1689,32.26013,-106.7443259,"3"
350130011062,1106,2,1012,32.2322734,-106.7233983,"3"
350130012031,1203,1,1194,32.3065133,-106.7421345,"3"
350130012032,1203,2,905,32.3081566,-106.7346952,"3"
350130012033,1203,3,1698,32.3146995,-106.735216,"3"
350130012034,1203,4,694,32.3064237,-106.7322559,"3"
350130012041,1204,1,1067,32.2608981,-106.7133578,"3"
350130012042,1204,2,2081,32.2683228,-106.6470272,"3"
350130012043,1204,3,1071,32.2734731,-106.7252054,"3"
350130012051,1205,1,1291,32.30143,-106.731405,"3"
350130012052,1205,2,1271,32.3099249,-106.719738,"3"
350130012053,1205,3,1806,32.2943894,-106.735442,"3"
350130012061,1206,1,940,32.3222415,-106.7390104,"3"
350130012062,1206,2,594,32.324863,-106.747717,"3"
350130012063,1206,3,1913,32.3419942,-106.7549677,"3"
350130012071,1207,1,1471,32.3871433,-106.6909309,"3"
350130012072,1207,2,1207,32.3813108,-106.5749487,"3"
350130012073,1207,3,1020,32.3570589,-106.6437441,"3"
350130012081,1208,1,1919,32.373257,-106.7231246,"3"
350130012082,1208,2,1043,32.3470073,-106.7280773,"3"
350130012083,1208,3,2304,32.3593635,-106.7195699,"3"
350130012084,1208,4,1447,32.3403317,-106.7159965,"3"
350130012091,1209,1,1364,32.335095,-106.7412742,"3"
350130012092,1209,2,1345,32.3281043,-106.7315756,"3"
350130012101,1210,1,1450,32.3419751,-106.7428475,"3"
350130012102,1210,2,1816,32.3565257,-106.7463798,"3"
350130013081,1308,1,1023,32.3898559,-106.7883815,"3"
350130013082,1308,2,4819,32.6482715,-106.8027187,"3"
350130013091,1309,1,1538,32.4756115,-106.9086245,"3"
350130013092,1309,2,822,32.4619698,-106.8650995,"3"
350130013101,1310,1,1559,32.3831044,-106.7346981,"3"
350130013102,1310,2,2330,32.3826354,-106.7445139,"3"
350130013103,1310,3,2399,32.3757917,-106.7500126,"3"
350130013111,1311,1,1707,32.3662736,-106.7571893,"3"
350130013112,1311,2,1860,32.3689113,-106.7680052,"3"
350130013113,1311,3,2365,32.3791588,-106.7712715,"3"
350130013121,1312,1,1624,32.357321,-106.76439,"3"
350130013131,1313,1,1120,32.4316533,-106.6447494,"3"
350130013132,1313,2,1343,32.4290814,-106.6661333,"3"
350130013141,1314,1,956,32.5299116,-106.6826212,"3"
350130013142,1314,2,1235,32.4320275,-106.6181505,"3"
350130013151,1315,1,1016,32.4020235,-106.677657,"3"
350130013152,1315,2,1660,32.4175361,-106.7049871,"3"
350130013153,1315,3,1296,32.4006925,-106.6925726,"3"
350130013161,1316,1,1152,32.3935453,-106.7227576,"3"
350130013162,1316,2,1877,32.3913246,-106.7128354,"3"
350130013163,1316,3,1471,32.3994059,-106.7169921,"3"
350130013171,1317,1,1978,32.3797534,-106.8116645,"3"
350130013172,1317,2,1757,32.3625407,-106.8017311,"3"
350130013181,1318,1,965,32.4096224,-106.8549085,"3"
350130013182,1318,2,1167,32.3701642,-106.8333106,"3"
350130013183,1318,3,1656,32.3513045,-106.8239528,"3"
350130014011,1401,1,845,32.5912712,-107.1952183,"3"
350130014012,1401,2,1717,32.7154659,-107.0862283,"3"
350130014021,1402,1,1269,32.6622338,-107.2549533,"3"
350130014022,1402,2,1037,32.6671918,-107.1363192,"3"
350130015011,1501,1,1537,32.3214657,-106.8637479,"3"
350130015012,1501,2,774,32.2998031,-106.8852532,"3"
350130015013,1501,3,1702,32.2891749,-107.0787955,"3"
350130015021,1502,1,1357,32.3225875,-106.8396872,"3"
350130015022,1502,2,769,32.2914641,-106.858549,"3"
350130016001,1600,1,1101,32.1479778,-106.8058499,"3"
350130016002,1600,2,796,32.1073495,-106.6904449,"3"
350130016003,1600,3,718,32.1351306,-106.7024555,"3"
350130017011,1701,1,980,31.8688925,-106.6516171,"3"
350130017012,1701,2,2489,31.8436624,-106.6463294,"3"
350130017013,1701,3,2428,31.8538569,-106.6265207,"3"
350130017014,1701,4,4348,31.9451246,-107.0419365,"3"
350130017021,1702,1,1488,32.0479902,-106.7931604,"3"
350130017031,1703,1,1515,31.938131,-106.6398049,"3"
350130017032,1703,2,1382,31.9242763,-106.6987452,"3"
350130017051,1705,1,1069,31.8082542,-106.5664645,"3"
350130017052,1705,2,1736,31.7971487,-106.5598738,"3"
350130017061,1706,1,1703,31.7919932,-106.5702684,"3"
350130017062,1706,2,1520,31.797179,-106.5789518,"3"
350130017071,1707,1,1191,31.7952483,-106.5841055,"3"
350130017072,1707,2,1338,31.8012271,-106.5892224,"3"
350130017073,1707,3,1204,31.8064336,-106.5947108,"3"
350130017074,1707,4,1746,31.8185511,-106.610323,"3"
350130018051,1805,1,1570,32.0054305,-106.595251,"3"
350130018052,1805,2,1617,32.0054284,-106.5872819,"3"
350130018071,1807,1,2294,32.0056269,-106.6100698,"3"
350130018081,1808,1,1721,32.0187081,-106.6152129,"3"
350130018082,1808,2,1794,32.0166737,-106.5947345,"3"
350130018091,1809,1,1449,32.0125361,-106.3941763,"3"
350130018092,1809,2,694,32.0199302,-106.4420978,"3"
350130018101,1810,1,1306,32.029096,-106.3942431,"3"
350130018102,1810,2,792,32.0452264,-106.4278192,"3"
350130018103,1810,3,1026,32.0597026,-106.402421,"3"
350130018104,1810,4,1386,32.060792,-106.4730157,"3"
350130018111,1811,1,1040,32.0361651,-106.6132368,"3"
350130018112,1811,2,896,32.0303351,-106.6428581,"3"
350130018121,1812,1,1129,32.1428929,-106.6232765,"3"
350130018122,1812,2,1389,32.0423799,-106.5490484,"3"
350130018123,1812,3,1589,32.0529024,-106.6166093,"3"
350130018131,1813,1,1372,32.1292824,-106.6495571,"3"
350130018132,1813,2,1585,32.123521,-106.6572635,"3"
350130018141,1814,1,869,32.2048086,-106.7313471,"3"
350130018142,1814,2,990,32.1571798,-106.699271,"3"
350130018143,1814,3,1381,32.1759789,-106.6861568,"3"
350130019001,1900,1,930,32.5985684,-106.5099348,"3"
350150001001,100,1,1661,32.4244435,-104.2260142,"3"
350150002001,200,1,1552,32.4463702,-104.222816,"3"
350150002002,200,2,885,32.4229192,-104.2060907,"3"
350150002003,200,3,2591,32.4645049,-104.2454559,"3"
350150002004,200,4,1492,32.446606,-104.235794,"3"
350150003001,300,1,1194,32.4304311,-104.2350318,"3"
350150003002,300,2,1373,32.4330223,-104.2434102,"3"
350150003003,300,3,1433,32.424511,-104.2407466,"3"
350150003004,300,4,1030,32.4393998,-104.2463413,"3"
350150003005,300,5,799,32.4309923,-104.2311421,"3"
350150004011,401,1,1878,32.4160939,-104.2982939,"3"
350150004012,401,2,1116,32.4339103,-104.2681407,"3"
350150004013,401,3,850,32.4347845,-104.256408,"3"
350150004021,402,1,1022,32.4233146,-104.2491211,"3"
350150004022,402,2,1227,32.4252127,-104.2578913,"3"
350150004023,402,3,1391,32.4198104,-104.2623899,"3"
350150004024,402,4,1105,32.4329319,-104.250747,"3"
350150005001,500,1,2034,32.4171964,-104.2416767,"3"
350150005002,500,2,842,32.4076663,-104.2454494,"3"
350150005003,500,3,697,32.4108194,-104.2338275,"3"
350150006001,600,1,2269,32.3946556,-104.2296627,"3"
350150006002,600,2,1135,32.3826655,-104.2163106,"3"
350150006003,600,3,2344,32.3885139,-104.1910852,"3"
350150006004,600,4,2648,32.3750748,-104.2336703,"3"
350150007001,700,1,2086,32.352386,-104.238553,"3"
350150007002,700,2,1407,32.2901794,-104.5565428,"3"
350150007003,700,3,1266,32.3496675,-104.1964003,"3"
350150007004,700,4,1338,32.4397409,-103.9933928,"3"
350150008001,800,1,849,32.1675234,-103.9465851,"3"
350150008002,800,2,1374,32.2864247,-104.0961955,"3"
350150009001,900,1,1705,32.7419871,-104.2986058,"3"
350150009002,900,2,1898,32.6932158,-104.3650571,"3"
350150009003,900,3,2117,32.8921457,-104.4229171,"3"
350150010011,1001,1,1608,32.8517998,-104.449296,"3"
350150010012,1001,2,1400,32.835549,-104.4456038,"3"
350150010021,1002,1,1161,32.8657881,-104.3869347,"3"
350150010022,1002,2,901,32.8514951,-104.4028791,"3"
350150010023,1002,3,652,32.8429238,-104.4052426,"3"
350150010024,1002,4,624,32.8493858,-104.4091444,"3"
350150011001,1100,1,1110,32.8298851,-104.4079682,"3"
350150011002,1100,2,1561,32.8257334,-104.3728393,"3"
350150011003,1100,3,1006,32.8364952,-104.4069419,"3"
350150011004,1100,4,1729,32.8347552,-104.4229262,"3"
350150011005,1100,5,1954,32.8219754,-104.4232277,"3"
350179641001,964100,1,1331,33.0047128,-108.2909879,"3"
350179641002,964100,2,1312,32.9206591,-107.8934945,"3"
350179642001,964200,1,1002,32.8944007,-108.7788937,"3"
350179642002,964200,2,1131,32.6335182,-108.4627188,"3"
350179643001,964300,1,1424,32.7877522,-108.3157773,"3"
350179643002,964300,2,1355,32.7904517,-108.2635508,"3"
350179643003,964300,3,1692,32.8017449,-108.2704549,"3"
350179643004,964300,4,1038,32.7873644,-108.2724314,"3"
350179644011,964401,1,619,32.7807709,-108.2619535,"3"
350179644012,964401,2,1314,32.7691764,-108.2676232,"3"
350179644021,964402,1,1200,32.7466308,-108.2698572,"3"
350179644022,964402,2,1607,32.7597456,-108.2909536,"3"
350179645001,964500,1,1095,32.7894585,-108.1719754,"3"
350179645002,964500,2,773,32.7748151,-108.1430823,"3"
350179645003,964500,3,759,32.7741353,-108.1579544,"3"
350179646001,964600,1,877,32.7051336,-107.9263135,"3"
350179646002,964600,2,717,32.7656881,-108.1360777,"3"
350179646003,964600,3,765,32.7552924,-108.1425585,"3"
350179646004,964600,4,488,32.7616885,-108.1273958,"3"
350179647011,964701,1,2013,32.8255711,-108.2374199,"3"
350179647012,964701,2,929,32.8438731,-108.3000609,"3"
350179647021,964702,1,1166,32.7152815,-108.2694732,"3"
350179647022,964702,2,1928,32.7230683,-108.2253128,"3"
350179648001,964800,1,978,32.2661653,-108.348258,"3"
350179648002,964800,2,672,32.7015082,-108.1283277,"3"
350199616001,961600,1,1180,34.934709,-104.5017512,"3"
350199616002,961600,2,1334,34.9351567,-104.6557521,"3"
350199616003,961600,3,1019,34.9249019,-104.7267701,"3"
350199616004,961600,4,919,34.7880885,-105.0741612,"3"
350210001001,100,1,657,35.8593523,-103.8534243,"1"
350239700001,970000,1,1912,31.8980519,-108.7519293,"3"
350239702001,970200,1,749,32.3358186,-108.7028831,"3"
350239702002,970200,2,1517,32.3527667,-108.7110416,"3"
350250001001,100,1,1021,32.7075502,-103.1308675,"3"
350250001002,100,2,1026,32.7070569,-103.1392482,"3"
350250001003,100,3,966,32.7001289,-103.1351052,"3"
350250002001,200,1,852,32.7054517,-103.1466869,"3"
350250002002,200,2,1516,32.6700707,-103.1365919,"3"
350250002003,200,3,1410,32.7003111,-103.1675901,"3"
350250003001,300,1,1167,32.6937302,-103.1190615,"3"
350250003002,300,2,945,32.6915333,-103.1019955,"3"
350250003003,300,3,936,32.6928591,-103.1299414,"3"
350250003004,300,4,1102,32.6867492,-103.1347446,"3"
350250004001,400,1,1402,32.7005294,-103.1016174,"3"
350250004002,400,2,1293,32.7067612,-103.1219273,"3"
350250004003,400,3,898,32.6991778,-103.12086,"3"
350250005021,502,1,1213,32.7161247,-103.1231944,"3"
350250005022,502,2,1127,32.7136601,-103.1183801,"3"
350250005023,502,3,1867,32.7189039,-103.0940334,"3"
350250005024,502,4,2299,32.7511187,-103.1210128,"3"
350250005025,502,5,1244,32.7244258,-103.118871,"3"
350250005026,502,6,1060,32.7240353,-103.1254241,"3"
350250005031,503,1,1533,32.7391165,-103.1317928,"3"
350250005032,503,2,1120,32.7396935,-103.1408171,"3"
350250005033,503,3,1731,32.7291745,-103.1365912,"3"
350250005041,504,1,1542,32.7514614,-103.1593695,"3"
350250005042,504,2,1711,32.7371806,-103.1526526,"3"
350250005043,504,3,957,32.7306386,-103.1470632,"3"
350250006001,600,1,941,32.7230985,-103.1367988,"3"
350250006002,600,2,839,32.7192672,-103.1321647,"3"
350250006003,600,3,1144,32.7138594,-103.1317162,"3"
350250006004,600,4,917,32.7157125,-103.140804,"3"
350250006005,600,5,782,32.7142384,-103.147368,"3"
350250006006,600,6,1003,32.7149534,-103.1517247,"3"
350250006007,600,7,1156,32.729088,-103.1608281,"3"
350250007011,701,1,1607,32.8129493,-103.1105672,"3"
350250007021,702,1,1186,32.5885072,-103.3862679,"3"
350250007022,702,2,3810,32.7785586,-103.2702757,"3"
350250007031,703,1,1703,32.7699591,-103.1713949,"3"
350250007032,703,2,1456,32.7802563,-103.1611193,"3"
350250007041,704,1,1959,32.7810212,-103.1361652,"3"
350250007042,704,2,1295,32.7580444,-103.1367577,"3"
350250008001,800,1,995,32.4450625,-103.1522679,"3"
350250008002,800,2,848,32.4693986,-103.2159298,"3"
350250008003,800,3,858,32.4318477,-103.1680263,"3"
350250008004,800,4,628,32.4264779,-103.1509351,"3"
350250009001,900,1,781,32.2202291,-103.4235032,"3"
350250009002,900,2,800,32.1136948,-103.1979829,"3"
350250009003,900,3,752,32.1051843,-103.1922041,"3"
350250010031,1003,1,1146,32.9332051,-103.3432444,"3"
350250010032,1003,2,1148,32.9403053,-103.3507868,"3"
350250010033,1003,3,1027,32.9402946,-103.362848,"3"
350250010034,1003,4,1216,32.9329802,-103.3613011,"3"
350250010041,1004,1,1468,32.9686045,-103.3417479,"3"
350250010042,1004,2,1126,32.9610158,-103.3554727,"3"
350250010043,1004,3,1407,32.9605563,-103.3641143,"3"
350250010051,1005,1,1118,32.9542886,-103.3302053,"3"
350250010052,1005,2,1123,32.9487534,-103.3723266,"3"
350250010053,1005,3,1482,32.9496387,-103.3541967,"3"
350250011001,1100,1,448,33.3708664,-103.4087208,"3"
350250011002,1100,2,706,33.2554076,-103.3135951,"3"
350250011003,1100,3,1405,32.958381,-103.1808768,"3"
350250011004,1100,4,1169,33.0685775,-103.2419798,"3"
350250011005,1100,5,1068,32.8791061,-103.5868616,"3"
350279602001,960200,1,566,34.0488516,-105.5394619,"3"
350279602002,960200,2,1160,33.5266331,-106.0644202,"3"
350279603001,960300,1,603,33.5759033,-105.2715943,"3"
350279603002,960300,2,1409,33.569068,-105.591174,"3"
350279603003,960300,3,1047,33.7765295,-105.2707182,"3"
350279604011,960401,1,1225,33.3066984,-105.1118591,"3"
350279604012,960401,2,1081,33.3248905,-105.5630659,"3"
350279604021,960402,1,751,33.4341056,-105.6419003,"3"
350279604022,960402,2,410,33.420609,-105.7333141,"3"
350279604031,960403,1,1561,33.331946,-105.5937028,"3"
350279604032,960403,2,456,33.3885648,-105.5557113,"3"
350279604033,960403,3,623,33.4013886,-105.6448396,"3"
350279604034,960403,4,895,33.4228336,-105.581067,"3"
350279606011,960601,1,641,33.3577883,-105.6962179,"3"
350279606012,960601,2,557,33.3829329,-105.7001616,"3"
350279606013,960601,3,715,33.3403223,-105.7008479,"3"
350279606021,960602,1,893,33.3390932,-105.6546061,"3"
350279606022,960602,2,1005,33.3249398,-105.6539901,"3"
350279606031,960603,1,891,33.3798102,-105.662276,"3"
350279606032,960603,2,413,33.3888075,-105.6501972,"3"
350279606033,960603,3,878,33.3612754,-105.6594145,"3"
350279608001,960800,1,1375,33.3154857,-105.6992041,"3"
350279608002,960800,2,1114,33.3143021,-105.6418621,"3"
350280001001,100,1,1193,35.9384241,-106.2758276,"1"
350280001002,100,2,1128,35.8928478,-106.2717762,"1"
350280001003,100,3,1935,35.8910755,-106.2918149,"1"
350280002001,200,1,1093,35.8944823,-106.3128066,"1"
350280002002,200,2,636,35.9038867,-106.3131868,"1"
350280002003,200,3,1745,35.8739942,-106.3752588,"1"
350280002004,200,4,1914,35.9219446,-106.3473497,"1"
350280004001,400,1,759,35.8811464,-106.2681144,"1"
350280004002,400,2,865,35.8875591,-106.311236,"1"
350280004003,400,3,1052,35.8407129,-106.2880898,"1"
350280004004,400,4,1231,35.8830657,-106.302399,"1"
350280005001,500,1,664,35.8280465,-106.196913,"1"
350280005002,500,2,729,35.8231407,-106.1952214,"1"
350280005003,500,3,1258,35.8163077,-106.1936951,"1"
350280005004,500,4,945,35.817215,-106.3431514,"1"
350280005005,500,5,1127,35.822725,-106.2130843,"1"
350280005006,500,6,1145,35.822021,-106.2024293,"1"
350290001001,100,1,2084,32.2403435,-107.7430638,"3"
350290001002,100,2,1442,32.2582075,-107.742031,"3"
350290001003,100,3,545,32.2468062,-107.6702775,"3"
350290001004,100,4,1767,32.251461,-107.7201871,"3"
350290002001,200,1,1495,32.2384583,-107.7583904,"3"
350290002002,200,2,1399,32.2362102,-107.7761082,"3"
350290002003,200,3,1367,32.2359801,-107.7964822,"3"
350290003001,300,1,657,32.2602972,-107.757536,"3"
350290003002,300,2,659,32.2607931,-107.768494,"3"
350290003003,300,3,989,32.2562785,-107.7710957,"3"
350290004011,401,1,1399,31.9358925,-107.7727477,"3"
350290004012,401,2,2190,32.1898408,-107.7553391,"3"
350290004021,402,1,1027,32.0047231,-107.4306554,"3"
350290004022,402,2,1193,32.1930636,-107.503154,"3"
350290005001,500,1,1534,32.3995619,-107.461687,"3"
350290005002,500,2,1478,32.0009444,-108.0545625,"3"
350290005003,500,3,1216,32.4272028,-107.8929302,"3"
350290006001,600,1,1516,32.2773542,-107.7398325,"3"
350290006002,600,2,1470,32.2658086,-107.7552774,"3"
350319403011,940301,1,1069,35.0703931,-108.8343604,"2"
350319403012,940301,2,1062,35.0787095,-108.8312367,"2"
350319403021,940302,1,1060,35.0627588,-108.8314406,"2"
350319403022,940302,2,1960,35.0724073,-108.8745037,"2"
350319403023,940302,3,982,35.0520984,-108.8642096,"2"
350319405001,940500,1,1324,35.0944239,-108.7611741,"2"
350319435001,943500,1,987,35.8317421,-108.0074834,"2"
350319435002,943500,2,1301,35.7101358,-108.1943013,"2"
350319435003,943500,3,1474,35.6515281,-108.1356923,"2"
350319436011,943601,1,897,35.6106493,-108.6181183,"2"
350319436012,943601,2,1387,35.5690694,-108.5461022,"2"
350319436013,943601,3,1292,35.6075229,-108.4534463,"2"
350319436021,943602,1,841,35.5448725,-108.307969,"2"
350319436022,943602,2,1594,35.5018777,-108.4450104,"2"
350319436023,943602,3,448,35.6033675,-108.2434724,"2"
350319437011,943701,1,784,35.8918233,-108.6150896,"2"
350319437012,943701,2,1340,35.7011497,-108.7237544,"2"
350319437021,943702,1,1004,35.8095153,-108.3469689,"2"
350319437022,943702,2,814,35.7803138,-108.5457185,"2"
350319438011,943801,1,2033,35.8801724,-109.0048646,"2"
350319438021,943802,1,1008,35.9266112,-108.7439742,"2"
350319438022,943802,2,1199,35.8586408,-108.9091348,"2"
350319438031,943803,1,665,35.6944044,-108.8505394,"2"
350319438032,943803,2,1110,35.7462563,-108.9930246,"2"
350319439031,943903,1,1149,35.400362,-108.6818237,"2"
350319439032,943903,2,1359,35.4892629,-108.6641927,"2"
350319439041,943904,1,756,35.4707945,-108.84902,"2"
350319439042,943904,2,977,35.4301068,-108.7857914,"2"
350319439051,943905,1,1231,35.3865249,-108.9135741,"2"
350319439061,943906,1,2260,35.6136836,-108.7802013,"2"
350319439071,943907,1,1902,35.5483445,-108.9637599,"2"
350319440001,944000,1,938,35.5558474,-107.6143256,"2"
350319440002,944000,2,1071,35.9042578,-107.5138224,"2"
350319452011,945201,1,2109,35.5014693,-108.7552836,"2"
350319452012,945201,2,1155,35.5108966,-108.7887906,"2"
350319452021,945202,1,1648,35.5347984,-108.8262967,"2"
350319452022,945202,2,1603,35.5103239,-108.8301014,"2"
350319453001,945300,1,1548,35.5334851,-108.7512967,"2"
350319453002,945300,2,1723,35.5747618,-108.7310412,"2"
350319454001,945400,1,677,35.5210483,-108.7446136,"2"
350319454002,945400,2,832,35.5239223,-108.7471765,"2"
350319454003,945400,3,889,35.522781,-108.7358535,"2"
350319454004,945400,4,581,35.5128972,-108.7440661,"2"
350319455011,945501,1,1951,35.4820421,-108.7235409,"2"
350319455021,945502,1,1665,35.5171909,-108.7161624,"2"
350319455031,945503,1,606,35.5275174,-108.7247233,"2"
350319455032,945503,2,1114,35.518471,-108.7274101,"2"
350319455033,945503,3,531,35.5269683,-108.7290318,"2"
350319456011,945601,1,2009,35.5313202,-108.6605978,"2"
350319456021,945602,1,1409,35.5247305,-108.6920195,"2"
350319456022,945602,2,1085,35.5260559,-108.7032645,"2"
350319456023,945602,3,1213,35.5165261,-108.6916557,"2"
350319457011,945701,1,1027,35.2962536,-108.7162192,"2"
350319457021,945702,1,1411,35.2416598,-108.9119204,"2"
350319460011,946001,1,1562,35.4479869,-108.2612798,"2"
350319460012,946001,2,948,35.4067882,-108.2104453,"2"
350319460021,946002,1,1350,35.3446936,-108.1171923,"2"
350319460031,946003,1,789,35.3980539,-107.9706653,"2"
350319460032,946003,2,1072,35.5225259,-108.114387,"2"
350319731001,973100,1,612,35.1305754,-108.5064392,"2"
350319731002,973100,2,498,35.3851647,-108.4579106,"2"
350319800001,980000,1,7,35.4856975,-108.5966619,"2"
350339552011,955201,1,1063,35.9065396,-105.5338387,"1"
350339552012,955201,2,993,36.1230111,-105.3990237,"1"
350339552021,955202,1,574,36.127086,-105.2073343,"1"
350339552022,955202,2,795,35.9476057,-105.242128,"1"
350339552023,955202,3,764,36.0042045,-104.7880622,"1"
350350001001,100,1,567,32.8954715,-105.9579187,"3"
350350001002,100,2,1051,32.8951939,-105.9480407,"3"
350350002001,200,1,1044,32.9039173,-105.948625,"3"
350350002002,200,2,704,32.9039278,-105.9565739,"3"
350350003031,303,1,987,32.9190431,-105.9391511,"3"
350350003032,303,2,1294,32.9186506,-105.9503994,"3"
350350003041,304,1,737,32.9267665,-105.9374887,"3"
350350003042,304,2,1513,32.9290853,-105.9572536,"3"
350350003043,304,3,1204,32.9461596,-105.9445205,"3"
350350003051,305,1,698,32.9050769,-105.9405106,"3"
350350003052,305,2,1029,32.9116634,-105.9396956,"3"
350350003053,305,3,815,32.9115647,-105.9564756,"3"
350350003054,305,4,1098,32.9116286,-105.9485247,"3"
350350003061,306,1,789,32.9130526,-105.9186639,"3"
350350003062,306,2,769,32.9110394,-105.9285796,"3"
350350003063,306,3,930,32.9039534,-105.932772,"3"
350350003064,306,4,665,32.9102292,-105.9338408,"3"
350350004011,401,1,848,32.9035168,-105.9163964,"3"
350350004012,401,2,1367,32.8946233,-105.9210685,"3"
350350004013,401,3,798,32.8917754,-105.9369562,"3"
350350004014,401,4,1267,32.8981275,-105.9323319,"3"
350350004015,401,5,647,32.8968366,-105.9394753,"3"
350350004031,403,1,1003,32.8681455,-105.9589023,"3"
350350004032,403,2,2138,32.8553495,-105.9491254,"3"
350350004041,404,1,715,32.8802242,-105.9580911,"3"
350350004042,404,2,1812,32.8823132,-105.9446241,"3"
350350004043,404,3,1672,32.8716945,-105.9281185,"3"
350350004044,404,4,499,32.8864408,-105.9568558,"3"
350350005011,501,1,1204,32.8368813,-105.9885249,"3"
350350005012,501,2,643,32.8625149,-105.9730188,"3"
350350005013,501,3,1035,32.8603834,-105.984474,"3"
350350005021,502,1,611,32.8841362,-106.0210468,"3"
350350005022,502,2,1242,32.920938,-106.0093799,"3"
350350006011,601,1,871,32.6597228,-106.1729054,"3"
350350006021,602,1,1443,32.790665,-106.0524671,"3"
350350006022,602,2,832,32.8231345,-105.9113159,"3"
350350006031,603,1,1231,32.9994296,-105.9343545,"3"
350350006032,603,2,1204,32.963826,-105.9372274,"3"
350350006041,604,1,887,32.840007,-106.0732079,"3"
350350006042,604,2,545,32.8285367,-106.0786236,"3"
350350006043,604,3,1548,32.8331361,-106.0783914,"3"
350350007011,701,1,553,33.2184433,-106.0004378,"3"
350350007012,701,2,781,33.0811445,-106.0146983,"3"
350350007013,701,3,673,33.0797519,-106.0248043,"3"
350350007014,701,4,408,33.2439572,-106.1895642,"3"
350350007015,701,5,1679,32.991684,-106.2633665,"3"
350350007021,702,1,1591,33.0727519,-105.91098,"3"
350350009011,901,1,959,32.9744452,-105.8688545,"3"
350350009012,901,2,798,32.9284024,-105.4897767,"3"
350350009013,901,3,1840,32.9447044,-105.6907495,"3"
350350009031,903,1,1394,32.0355896,-106.3668837,"3"
350350009032,903,2,2080,32.0251082,-106.359024,"3"
350350009033,903,3,3111,32.055664,-106.3299456,"3"
350350009041,904,1,625,32.788288,-105.5984246,"3"
350350009042,904,2,2418,32.011361,-106.3488894,"3"
350350009043,904,3,1605,32.0102253,-106.3673714,"3"
350350009044,904,4,1346,32.2784189,-105.5692404,"3"
350359400001,940000,1,1160,33.2246617,-105.7150662,"3"
350359400002,940000,2,1242,33.158828,-105.7218347,"3"
350359400003,940000,3,1620,33.1761346,-105.5832417,"3"
350379586011,958601,1,964,35.1633816,-103.7197019,"3"
350379586012,958601,2,677,35.1689734,-103.7369413,"3"
350379586013,958601,3,797,35.1638769,-103.724905,"3"
350379586014,958601,4,581,35.1591259,-103.7287034,"3"
350379586021,958602,1,735,35.1966547,-103.7494778,"3"
350379586022,958602,2,792,35.1765421,-103.7254002,"3"
350379586023,958602,3,771,35.1819335,-103.7128932,"3"
350379586024,958602,4,648,35.1695246,-103.7232667,"3"
350379589001,958900,1,524,35.2932435,-103.2736569,"3"
350379589002,958900,2,711,35.094095,-103.5962231,"3"
350379589003,958900,3,530,34.8833201,-103.8500004,"3"
350379589004,958900,4,1016,35.3636418,-103.5119969,"3"
350390001001,100,1,906,36.0312827,-105.7129484,"1"
350390001002,100,2,1187,36.0323144,-105.9663345,"1"
350390001003,100,3,1140,36.029159,-105.9165917,"1"
350390002001,200,1,2141,36.1076311,-105.8877658,"1"
350390002002,200,2,1661,36.0109713,-106.0531877,"1"
350390003011,301,1,2275,36.1892435,-106.0324065,"1"
350390003012,301,2,1165,36.0522266,-106.1888265,"1"
350390003021,302,1,1834,36.1070332,-106.0685861,"1"
350390003022,302,2,1330,36.1336913,-106.0504002,"1"
350390004011,401,1,1157,36.2528593,-106.3060572,"1"
350390004012,401,2,627,36.1161574,-106.6244322,"2"
350390004021,402,1,1226,36.6468103,-106.1127106,"1"
350390004022,402,2,1702,36.1723068,-106.1354125,"1"
350390005001,500,1,1296,36.9295475,-106.7492679,"2"
350390005002,500,2,1065,36.4218769,-106.6777554,"2"
350390005003,500,3,1297,36.7633116,-106.4998208,"1"
350399407001,940700,1,843,36.0041516,-106.052923,"1"
350399407002,940700,2,1370,35.9966232,-106.0875952,"1"
350399407003,940700,3,1357,35.993323,-106.0737918,"1"
350399408001,940800,1,1144,35.9750405,-106.0646935,"1"
350399408002,940800,2,1844,35.9482823,-106.0802798,"1"
350399408003,940800,3,1546,35.9745877,-106.1893707,"1"
350399410001,941000,1,1253,36.9537725,-107.000284,"2"
350399410002,941000,2,1135,36.6311825,-107.2233454,"2"
350399410003,941000,3,1282,36.9335222,-106.9861795,"2"
350399441001,944100,1,1421,36.055708,-106.0428988,"1"
350399441002,944100,2,628,36.0718992,-106.0642049,"1"
350399441003,944100,3,1280,36.0794274,-106.0943162,"1"
350399441004,944100,4,1507,36.0338075,-106.1056305,"1"
350399441005,944100,5,1744,36.0264919,-106.0412515,"1"
350410001001,100,1,1364,34.1789794,-103.3234911,"3"
350410001002,100,2,1023,34.1849647,-103.3350393,"3"
350410001003,100,3,1031,34.1750543,-103.3345047,"3"
350410001004,100,4,1282,34.1647105,-103.3346064,"3"
350410002001,200,1,1165,34.1921082,-103.3235508,"3"
350410002002,200,2,1190,34.1952278,-103.3369432,"3"
350410002003,200,3,1188,34.1921233,-103.3567618,"3"
350410003001,300,1,1709,34.1787322,-103.3414786,"3"
350410003002,300,2,1048,34.1789022,-103.3614067,"3"
350410003003,300,3,1554,34.1621315,-103.3611666,"3"
350410004011,401,1,927,34.2546811,-103.7085764,"3"
350410004012,401,2,994,34.179189,-103.4032425,"3"
350410004013,401,3,1252,34.2680048,-103.3348671,"3"
350410004021,402,1,783,33.8112665,-103.3720193,"3"
350410004022,402,2,1317,34.1233724,-103.369046,"3"
350410004023,402,3,1364,34.2011679,-103.1348391,"3"
350430105031,10503,1,942,35.3258562,-106.5404505,"1"
350430105032,10503,2,1530,35.3132853,-106.549238,"1"
350430105033,10503,3,868,35.308388,-106.5392579,"1"
350430106011,10601,1,2299,35.2303914,-106.6227666,"1"
350430106012,10601,2,2060,35.2309355,-106.604301,"1"
350430106021,10602,1,2409,35.2523527,-106.6190307,"1"
350430106022,10602,2,1725,35.2291066,-106.6403437,"2"
350430107021,10702,1,1540,35.2907022,-106.5961592,"1"
350430107022,10702,2,2208,35.2742332,-106.6094667,"1"
350430107023,10702,3,2228,35.3121893,-106.5666878,"1"
350430107024,10702,4,1428,35.3008155,-106.5821587,"1"
350430107051,10705,1,2246,35.2637477,-106.6892999,"2"
350430107052,10705,2,957,35.2525449,-106.6934872,"2"
350430107053,10705,3,1280,35.2515823,-106.6862192,"2"
350430107054,10705,4,1357,35.24514,-106.6918195,"2"
350430107121,10712,1,1302,35.2498628,-106.7112638,"2"
350430107122,10712,2,1772,35.2587743,-106.70271,"2"
350430107123,10712,3,1072,35.2473153,-106.7058461,"2"
350430107124,10712,4,1258,35.2474401,-106.7003429,"2"
350430107131,10713,1,1989,35.2489339,-106.7429795,"2"
350430107132,10713,2,1280,35.2468401,-106.7319148,"2"
350430107133,10713,3,987,35.2519223,-106.723617,"2"
350430107134,10713,4,1368,35.2490813,-106.7184065,"2"
350430107141,10714,1,2058,35.2547578,-106.6729079,"2"
350430107142,10714,2,2765,35.2521893,-106.6592778,"2"
350430107151,10715,1,1105,35.2438738,-106.6646164,"2"
350430107152,10715,2,1460,35.2461851,-106.6792183,"2"
350430107153,10715,3,1263,35.2573508,-106.6798929,"2"
350430107191,10719,1,1011,35.2377189,-106.6630287,"2"
350430107192,10719,2,1231,35.2344475,-106.6711576,"2"
350430107193,10719,3,1800,35.2242221,-106.6688229,"2"
350430107211,10721,1,2312,35.2860611,-106.7092944,"2"
350430107212,10721,2,2593,35.2965733,-106.7060169,"2"
350430107221,10722,1,2445,35.2652685,-106.7208457,"2"
350430107222,10722,2,2629,35.2797773,-106.7290984,"2"
350430107223,10722,3,1367,35.2735135,-106.7697557,"2"
350430107241,10724,1,1361,35.3261065,-106.5862597,"1"
350430107242,10724,2,999,35.3302675,-106.5792564,"1"
350430107251,10725,1,1824,35.3399082,-106.5921284,"1"
350430107252,10725,2,1262,35.3501079,-106.6066811,"1"
350430107253,10725,3,904,35.3365663,-106.6014607,"1"
350430107254,10725,4,1960,35.3597382,-106.632654,"2"
350430107255,10725,5,2518,35.3452163,-106.6073146,"1"
350430107261,10726,1,2036,35.2993148,-106.6236892,"1"
350430107262,10726,2,3299,35.3138564,-106.6000486,"1"
350430107271,10727,1,2940,35.3202252,-106.6611554,"2"
350430107281,10728,1,2940,35.2823611,-106.6382145,"2"
350430107291,10729,1,3946,35.2671948,-106.668142,"2"
350430107292,10729,2,20,35.2625967,-106.6343788,"2"
350430107293,10729,3,2673,35.2647838,-106.6490321,"2"
350430107294,10729,4,1817,35.2700139,-106.6411175,"2"
350430107301,10730,1,2051,35.231514,-106.7194214,"2"
350430107311,10731,1,1822,35.2290151,-106.6925325,"2"
350430107312,10731,2,2603,35.2331536,-106.6812795,"2"
350430107313,10731,3,2499,35.2372016,-106.690407,"2"
350430107314,10731,4,2207,35.2222015,-106.6867108,"2"
350430107321,10732,1,2205,35.242334,-106.6410225,"2"
350430107322,10732,2,1003,35.2469743,-106.644158,"2"
350430107323,10732,3,1161,35.2480453,-106.6497224,"2"
350430107324,10732,4,2081,35.2355706,-106.6521389,"2"
350430107331,10733,1,2120,35.3144586,-106.719892,"2"
350430107332,10733,2,1039,35.3106637,-106.7041044,"2"
350430107333,10733,3,2196,35.3103536,-106.7214533,"2"
350430107341,10734,1,1406,35.363596,-106.7769477,"2"
350430107342,10734,2,3269,35.3196287,-106.7140646,"2"
350430107343,10734,3,1625,35.3199753,-106.7254129,"2"
350430109001,10900,1,987,36.0352313,-106.9266423,"2"
350430109002,10900,2,1015,35.6180228,-107.0357008,"2"
350430111011,11101,1,1632,35.3194673,-106.4966793,"1"
350430111012,11101,2,1585,35.3381395,-106.480651,"1"
350430111021,11102,1,796,35.3369283,-106.2986802,"1"
350430111022,11102,2,1754,35.265149,-106.5139146,"1"
350430111023,11102,3,1389,35.3049787,-106.3829763,"1"
350430112001,11200,1,1743,35.7269595,-106.7205743,"2"
350430112002,11200,2,932,35.4838862,-106.7473198,"2"
350439402001,940200,1,2311,35.5224433,-106.3675601,"1"
350439402002,940200,2,1117,35.5341038,-106.3870235,"1"
350439405001,940500,1,607,35.3018506,-106.5641171,"1"
350439405002,940500,2,1913,35.3003981,-106.5544192,"1"
350439405003,940500,3,1416,35.295772,-106.5479898,"1"
350439406001,940600,1,1991,35.6086661,-106.74468,"2"
350439407001,940700,1,830,35.3784233,-106.4162646,"1"
350439407002,940700,2,2856,35.4669801,-106.4738741,"1"
350439409001,940900,1,923,36.1090891,-107.3240412,"2"
350439409002,940900,2,1384,35.8240175,-107.216035,"2"
350439410001,941000,1,1723,35.6365389,-106.4682636,"1"
350450001001,100,1,627,36.7223515,-108.1938068,"2"
350450001002,100,2,1489,36.7106846,-108.2062995,"2"
350450001003,100,3,1103,36.7114745,-108.1804128,"2"
350450001004,100,4,1290,36.726411,-108.1738407,"2"
350450002011,201,1,1535,36.7872888,-108.1482204,"2"
350450002012,201,2,1785,36.7826803,-108.1327135,"2"
350450002013,201,3,1492,36.7961277,-108.1261234,"2"
350450002021,202,1,2486,36.7914401,-108.178418,"2"
350450002022,202,2,1125,36.7743392,-108.1708787,"2"
350450002023,202,3,1742,36.7661828,-108.157734,"2"
350450002041,204,1,1191,36.7547843,-108.1497578,"2"
350450002042,204,2,962,36.7703684,-108.1325691,"2"
350450002061,206,1,1378,36.7524672,-108.1777148,"2"
350450002062,206,2,886,36.756597,-108.1639772,"2"
350450002063,206,3,1762,36.7485224,-108.1669704,"2"
350450002071,207,1,1149,36.7448909,-108.1806376,"2"
350450002072,207,2,1236,36.7361598,-108.1839649,"2"
350450003011,301,1,1426,36.7593473,-108.2001088,"2"
350450003012,301,2,872,36.7550592,-108.2041162,"2"
350450003013,301,3,990,36.7591,-108.1899888,"2"
350450003014,301,4,1756,36.7519027,-108.1907602,"2"
350450003021,302,1,877,36.7462411,-108.1910511,"2"
350450003022,302,2,729,36.7422989,-108.1936847,"2"
350450003023,302,3,698,36.7441228,-108.2000373,"2"
350450003024,302,4,1002,36.7350741,-108.198837,"2"
350450004011,401,1,1104,36.7562839,-108.2125364,"2"
350450004012,401,2,1429,36.7466164,-108.2120662,"2"
350450004013,401,3,1854,36.7420816,-108.2303958,"2"
350450004014,401,4,659,36.7417463,-108.2054823,"2"
350450004021,402,1,1111,36.7260662,-108.2108324,"2"
350450004022,402,2,976,36.7308245,-108.2115806,"2"
350450004023,402,3,1899,36.7293426,-108.2360891,"2"
350450005031,503,1,1904,36.7539312,-108.2612331,"2"
350450005032,503,2,1983,36.7380007,-108.2730637,"2"
350450005041,504,1,980,36.7919257,-108.4866127,"2"
350450005042,504,2,984,36.8034984,-108.4022763,"2"
350450005061,506,1,925,36.7408101,-108.3067407,"2"
350450005062,506,2,815,36.7596133,-108.3367325,"2"
350450005063,506,3,1969,36.7471109,-108.3393552,"2"
350450005071,507,1,1255,36.7325962,-108.3716524,"2"
350450005072,507,2,732,36.7478673,-108.3713331,"2"
350450005073,507,3,666,36.735092,-108.3401499,"2"
350450006071,607,1,931,36.7023693,-108.123518,"2"
350450006072,607,2,1639,36.724451,-108.1452611,"2"
350450006073,607,3,962,36.7221395,-108.1113692,"2"
350450006091,609,1,1362,36.8013172,-108.0023045,"2"
350450006101,610,1,619,36.8401153,-107.983292,"2"
350450006102,610,2,1157,36.8401758,-107.9992873,"2"
350450006103,610,3,779,36.8065663,-107.9643523,"2"
350450006104,610,4,1380,36.8386548,-107.9491627,"2"
350450006111,611,1,937,36.8649598,-107.9194746,"2"
350450006112,611,2,1349,36.9311322,-107.9880915,"2"
350450006113,611,3,941,36.9593837,-107.8160829,"2"
350450006121,612,1,733,36.8226371,-108.0160328,"2"
350450006122,612,2,1328,36.8376734,-108.0247647,"2"
350450006131,613,1,653,36.8126507,-108.0464458,"2"
350450006132,613,2,1569,36.8570603,-108.0750876,"2"
350450006133,613,3,962,36.8191534,-108.1178888,"2"
350450006134,613,4,553,36.8029304,-108.0700759,"2"
350450006141,614,1,1438,36.7847705,-108.0346067,"2"
350450006142,614,2,1433,36.7578869,-108.0511931,"2"
350450006151,615,1,1652,36.7502069,-108.130618,"2"
350450006152,615,2,1299,36.7619094,-108.0967141,"2"
350450007021,702,1,913,36.6561619,-107.8035378,"2"
350450007051,705,1,1703,36.7430357,-107.9687164,"2"
350450007052,705,2,1647,36.7089969,-107.9686267,"2"
350450007061,706,1,1549,36.7252874,-107.8820812,"2"
350450007062,706,2,1101,36.8812222,-107.6958137,"2"
350450007071,707,1,1266,36.7423909,-108.0030139,"2"
350450007072,707,2,640,36.7036838,-108.0020549,"2"
350450007073,707,3,2127,36.7151945,-107.9943726,"2"
350450007081,708,1,2065,36.6945884,-108.0528108,"2"
350450007082,708,2,1775,36.7215016,-108.0559413,"2"
350450009001,900,1,1990,36.6823749,-108.0656041,"2"
350459428011,942801,1,744,36.7908136,-108.5971867,"2"
350459428012,942801,2,540,36.906752,-108.7146554,"2"
350459428013,942801,3,1124,36.7573635,-108.8127028,"2"
350459428021,942802,1,2146,36.7934125,-108.6480464,"2"
350459428022,942802,2,861,36.8064978,-108.7232985,"2"
350459428023,942802,3,712,36.77971,-108.655905,"2"
350459428024,942802,4,2020,36.8029289,-108.6963645,"2"
350459428031,942803,1,720,36.7839898,-108.7167473,"2"
350459428032,942803,2,934,36.7532093,-108.7147789,"2"
350459428033,942803,3,920,36.7597309,-108.6951504,"2"
350459429001,942900,1,727,36.5801118,-108.951796,"2"
350459429002,942900,2,749,36.5040377,-108.7190539,"2"
350459429003,942900,3,526,36.3638112,-108.921866,"2"
350459429004,942900,4,660,36.3163839,-108.754877,"2"
350459429005,942900,5,950,36.2211747,-108.9124757,"2"
350459429006,942900,6,671,36.1524064,-108.742309,"2"
350459430001,943000,1,1683,36.7123247,-108.3157742,"2"
350459430002,943000,2,1539,36.6382816,-108.5114971,"2"
350459430003,943000,3,1104,36.4018146,-108.4147089,"2"
350459431001,943100,1,588,36.1277326,-108.4992283,"2"
350459431002,943100,2,1151,36.0628149,-108.8846298,"2"
350459432011,943201,1,1119,36.6895533,-107.9973555,"2"
350459432012,943201,2,1065,36.1268708,-108.0011374,"2"
350459432013,943201,3,1373,36.4205695,-108.0886462,"2"
350459432014,943201,4,760,36.427514,-107.7389,"2"
350459432015,943201,5,912,36.6779263,-108.1435835,"2"
350459433001,943300,1,1302,36.9312435,-108.3240843,"2"
350459433002,943300,2,776,36.8045181,-108.2788808,"2"
350479572001,957200,1,733,35.6127158,-105.2180509,"1"
350479572002,957200,2,554,35.6123535,-105.2264934,"1"
350479572003,957200,3,1336,35.6188526,-105.2137104,"1"
350479572004,957200,4,1228,35.6473732,-105.2211779,"1"
350479573001,957300,1,1049,35.6016668,-105.2180165,"1"
350479573002,957300,2,792,35.609996,-105.200231,"1"
350479573003,957300,3,1257,35.5981302,-105.2252796,"1"
350479574001,957400,1,867,35.5831724,-105.2002617,"1"
350479574002,957400,2,680,35.5902243,-105.2243358,"1"
350479574003,957400,3,1234,35.5796198,-105.2194565,"1"
350479574004,957400,4,1286,35.5740187,-105.2296311,"1"
350479575011,957501,1,950,35.3742883,-105.1228693,"1"
350479575012,957501,2,397,35.5165811,-104.182459,"1"
350479575013,957501,3,338,35.4768585,-104.8035189,"1"
350479575021,957502,1,764,35.6451216,-105.2566636,"1"
350479575022,957502,2,609,35.8346077,-105.3399308,"1"
350479575023,957502,3,571,35.7533078,-105.4087423,"1"
350479575024,957502,4,406,35.785291,-105.175331,"1"
350479576011,957601,1,1102,35.4351873,-105.3241083,"1"
350479576012,957601,2,999,35.5347334,-105.4672141,"1"
350479576021,957602,1,698,35.6258561,-105.4219181,"1"
350479576022,957602,2,567,35.7335493,-105.6216395,"1"
350479576031,957603,1,842,35.6230489,-105.699908,"1"
350479576032,957603,2,506,35.5575674,-105.6744972,"1"
350479576033,957603,3,1190,35.5615055,-105.6963289,"1"
350479577001,957700,1,1096,35.2490807,-105.5745845,"1"
350479577002,957700,2,922,35.2104013,-105.3659245,"1"
350479578001,957800,1,1468,35.6189805,-105.2421246,"1"
350479578002,957800,2,1407,35.6349231,-105.2366638,"1"
350479578003,957800,3,685,35.6020312,-105.2433501,"1"
350479578004,957800,4,668,35.5954819,-105.2332971,"1"
350490001021,102,1,1021,35.6891988,-105.9227268,"1"
350490001022,102,2,1184,35.7104553,-105.9102912,"1"
350490001031,103,1,630,35.7158869,-105.9268865,"1"
350490001032,103,2,390,35.6991789,-105.9333435,"1"
350490001033,103,3,1028,35.6998173,-105.9428939,"1"
350490002011,201,1,1748,35.7210777,-105.9560042,"1"
350490002021,202,1,982,35.6929157,-105.9772092,"1"
350490002022,202,2,1744,35.6952657,-105.9599691,"1"
350490003001,300,1,672,35.6870721,-105.9502877,"1"
350490003002,300,2,841,35.6916985,-105.9499414,"1"
350490004001,400,1,433,35.6863213,-105.9399045,"1"
350490005001,500,1,762,35.674337,-105.9190739,"1"
350490005002,500,2,746,35.6752372,-105.929601,"1"
350490005003,500,3,628,35.6831709,-105.9295737,"1"
350490006001,600,1,1040,35.6752935,-105.940647,"1"
350490006002,600,2,1178,35.6764719,-105.9490443,"1"
350490007001,700,1,1286,35.6786964,-105.959261,"1"
350490007002,700,2,729,35.6826253,-105.9505155,"1"
350490008001,800,1,1990,35.6782066,-105.9750921,"1"
350490008002,800,2,981,35.6853138,-105.960129,"1"
350490009001,900,1,1854,35.6714639,-105.9715971,"1"
350490009002,900,2,1754,35.6652718,-105.9830124,"1"
350490010011,1001,1,658,35.6636828,-105.9425682,"1"
350490010012,1001,2,1418,35.6660003,-105.9516721,"1"
350490010021,1002,1,805,35.6667362,-105.9587431,"1"
350490010022,1002,2,881,35.6686903,-105.9631553,"1"
350490010023,1002,3,1762,35.661917,-105.9680827,"1"
350490011021,1102,1,2030,35.6423054,-105.9437277,"1"
350490011022,1102,2,1369,35.6526256,-105.9479202,"1"
350490011031,1103,1,1398,35.6557359,-105.9607403,"1"
350490011032,1103,2,518,35.6562135,-105.9751956,"1"
350490011051,1105,1,612,35.6488612,-105.9659922,"1"
350490011052,1105,2,1675,35.6420971,-105.9646226,"1"
350490011061,1106,1,1708,35.6458217,-105.9947013,"1"
350490011062,1106,2,1380,35.6427515,-106.0058747,"1"
350490011071,1107,1,1588,35.648137,-105.9794153,"1"
350490011072,1107,2,983,35.6432468,-105.9866027,"1"
350490011073,1107,3,1508,35.652912,-105.9878863,"1"
350490011074,1107,4,1247,35.6410977,-105.9778054,"1"
350490012021,1202,1,1190,35.661563,-105.9945348,"1"
350490012022,1202,2,2772,35.6475426,-106.0104058,"1"
350490012023,1202,3,1817,35.6547865,-106.0133092,"1"
350490012031,1203,1,1667,35.6529383,-106.0392612,"1"
350490012032,1203,2,1326,35.6745233,-106.0037099,"1"
350490012051,1205,1,3160,35.6404082,-106.0443182,"1"
350490012052,1205,2,2553,35.6382091,-106.0587411,"1"
350490012061,1206,1,1466,35.6411054,-106.0319519,"1"
350490012062,1206,2,2304,35.6428025,-106.0242864,"1"
350490012071,1207,1,3006,35.649686,-106.0303388,"1"
350490013011,1301,1,1370,35.6304795,-106.0584295,"1"
350490013021,1302,1,1316,35.6337669,-106.025802,"1"
350490013022,1302,2,1647,35.633012,-106.0364556,"1"
350490013041,1304,1,1029,35.6053602,-106.0549299,"1"
350490013051,1305,1,1675,35.6224574,-106.0652413,"1"
350490013052,1305,2,1145,35.6248442,-106.0556869,"1"
350490013053,1305,3,2218,35.6284103,-106.0445582,"1"
350490013061,1306,1,2315,35.6194612,-106.0456009,"1"
350490101021,10102,1,2031,35.9304728,-105.789677,"1"
350490101022,10102,2,1424,35.9800702,-106.0160814,"1"
350490101023,10102,3,1505,35.9939113,-106.0190749,"1"
350490102041,10204,1,1201,35.744421,-105.9858211,"1"
350490102042,10204,2,866,35.8030213,-106.0738822,"1"
350490102051,10205,1,1246,35.7860866,-105.9109803,"1"
350490103041,10304,1,2485,35.6714332,-106.0493796,"1"
350490103042,10304,2,1947,35.6100345,-106.1000553,"1"
350490103081,10308,1,1340,35.5752582,-106.0726129,"1"
350490103082,10308,2,970,35.4991073,-106.1240303,"1"
350490103091,10309,1,786,35.3934982,-105.7982021,"1"
350490103092,10309,2,1117,35.3567973,-106.111201,"1"
350490103101,10310,1,1278,35.1536578,-105.9599649,"1"
350490103111,10311,1,1192,35.1890766,-106.189735,"1"
350490103112,10311,2,1974,35.1118696,-106.2152102,"1"
350490103113,10311,3,1332,35.1105766,-106.1513235,"1"
350490103121,10312,1,2550,35.0665419,-106.1535421,"1"
350490103122,10312,2,2023,35.0543589,-106.2092087,"1"
350490103151,10315,1,1986,35.6335637,-105.9919016,"1"
350490103152,10315,2,646,35.6252035,-105.9924992,"1"
350490103161,10316,1,974,35.6321957,-105.9785318,"1"
350490103162,10316,2,798,35.6347215,-105.9657738,"1"
350490103171,10317,1,1172,35.619892,-106.0178363,"1"
350490103181,10318,1,1884,35.6331336,-106.011154,"1"
350490104001,10400,1,1196,35.6638103,-105.8733237,"1"
350490104002,10400,2,2258,35.6514487,-105.9276361,"1"
350490105001,10500,1,978,35.7081821,-105.8510206,"1"
350490105002,10500,2,790,35.6775622,-105.90484,"1"
350490106011,10601,1,2687,35.6006083,-106.0247022,"1"
350490106012,10601,2,1056,35.5918968,-105.9639427,"1"
350490106013,10601,3,1999,35.5776205,-106.0086869,"1"
350490106021,10602,1,1769,35.5224622,-105.953317,"1"
350490106022,10602,2,1236,35.5470293,-105.9594228,"1"
350490106031,10603,1,2427,35.476233,-106.0020142,"1"
350490107011,10701,1,659,35.5099687,-105.9066929,"1"
350490107012,10701,2,1001,35.5104804,-105.8780869,"1"
350490107013,10701,3,2094,35.5424606,-105.905403,"1"
350490107021,10702,1,1579,35.5960632,-105.9272304,"1"
350490108001,10800,1,882,35.6345516,-105.7610598,"1"
350490108002,10800,2,1985,35.5901566,-105.8634123,"1"
350490109001,10900,1,2015,35.5796557,-106.1556959,"1"
350490109002,10900,2,1158,35.6812985,-106.1501469,"1"
350499403001,940300,1,642,35.8856219,-106.1824379,"1"
350499403002,940300,2,1177,35.888775,-106.0912446,"1"
350499404001,940400,1,1773,35.8035888,-105.9730477,"1"
350499405001,940500,1,1136,35.8702317,-105.9201648,"1"
350499405002,940500,2,704,35.9110749,-105.9546925,"1"
350499406001,940600,1,917,35.8843094,-106.0397642,"1"
350499406002,940600,2,697,35.9086072,-106.0316646,"1"
350499406003,940600,3,940,35.8779312,-106.0015046,"1"
350499406004,940600,4,975,35.9109148,-106.0044159,"1"
350499409001,940900,1,1059,35.9964938,-106.0474592,"1"
350499409002,940900,2,1610,35.9971284,-106.0592944,"1"
350499409003,940900,3,549,35.9611526,-106.0478996,"1"
350499800001,980000,1,966,35.566251,-106.0627929,"1"
350499802001,980200,1,45,35.8051911,-105.7779075,"1"
350519622001,962200,1,1009,33.1387688,-107.2450168,"3"
350519622002,962200,2,693,33.1448086,-107.2526629,"3"
350519622003,962200,3,798,33.1348565,-107.2318321,"3"
350519622004,962200,4,794,33.1471156,-107.235437,"3"
350519623001,962300,1,1154,33.1154662,-107.2774239,"3"
350519623002,962300,2,677,33.1266804,-107.277167,"3"
350519623003,962300,3,1385,33.1336422,-107.2590449,"3"
350519624011,962401,1,934,33.170858,-106.8901164,"3"
350519624012,962401,2,708,33.1992662,-107.2224934,"3"
350519624013,962401,3,715,33.1739393,-107.2262278,"3"
350519624021,962402,1,1336,33.2379264,-107.6175099,"3"
350519624022,962402,2,1373,32.8292755,-107.568823,"3"
350539400001,940000,1,1569,34.3805868,-107.5499993,"2"
350539781001,978100,1,1758,33.9264127,-106.5310338,"3"
350539781002,978100,2,846,34.45618,-106.7925215,"3"
350539781003,978100,3,1099,34.4591554,-106.6472624,"3"
350539782001,978200,1,797,33.9961383,-107.31027,"3"
350539782002,978200,2,818,34.125632,-107.2298319,"3"
350539783011,978301,1,1887,34.0525286,-106.9799068,"3"
350539783012,978301,2,761,33.9870779,-106.9209823,"3"
350539783021,978302,1,1701,34.0782236,-106.9012742,"3"
350539783022,978302,2,1238,34.0652422,-106.902849,"3"
350539783023,978302,3,971,34.0600511,-106.8957141,"3"
350539783031,978303,1,1359,33.9853448,-106.8741394,"3"
350539783032,978303,2,554,34.0863416,-106.8804399,"3"
350539783033,978303,3,1237,34.0994407,-106.8949002,"3"
350559400001,940000,1,849,36.1979926,-105.7291145,"1"
350559400002,940000,2,774,36.2022713,-105.6855953,"1"
350559401011,940101,1,1889,36.4820076,-105.4363329,"1"
350559401012,940101,2,725,36.4143167,-105.5751607,"1"
350559401013,940101,3,22,36.4111946,-105.5636261,"1"
350559401014,940101,4,1125,36.4060293,-105.5843724,"1"
350559401021,940102,1,1834,36.4247686,-105.6783618,"1"
350559401022,940102,2,894,36.4290125,-105.5897435,"1"
350559401023,940102,3,1730,36.4802602,-105.6531891,"1"
350559521011,952101,1,776,36.4974766,-105.6082923,"1"
350559521012,952101,2,1199,36.5724719,-105.5716962,"1"
350559521013,952101,3,839,36.5187445,-105.5847012,"1"
350559521014,952101,4,725,36.5478203,-105.5159227,"1"
350559521021,952102,1,696,36.8588063,-105.3941822,"1"
350559521022,952102,2,1075,36.6739432,-105.4555169,"1"
350559521023,952102,3,1286,36.7156811,-105.5918895,"1"
350559523001,952300,1,1433,36.6587495,-105.6565967,"1"
350559523002,952300,2,843,36.4086757,-105.8538945,"1"
350559523003,952300,3,790,36.7576705,-105.7883995,"1"
350559526011,952601,1,813,36.3951882,-105.5639518,"1"
350559526012,952601,2,939,36.3817555,-105.5786182,"1"
350559526013,952601,3,1113,36.3864022,-105.5675023,"1"
350559526021,952602,1,1048,36.3956619,-105.598284,"1"
350559526022,952602,2,1612,36.3801842,-105.6077921,"1"
350559526023,952602,3,1673,36.3750349,-105.6401486,"1"
350559526024,952602,4,1450,36.3442477,-105.6860723,"1"
350559527011,952701,1,2057,36.3607051,-105.5906753,"1"
350559527012,952701,2,1455,36.2924874,-105.5010313,"1"
350559527021,952702,1,1157,36.1023381,-105.593727,"1"
350559527022,952702,2,1668,36.2915059,-105.6383399,"1"
350579632011,963201,1,2255,34.9741037,-106.1875963,"1"
350579632012,963201,2,1556,35.0187254,-106.1292002,"1"
350579632021,963202,1,1374,35.0191889,-106.0532866,"1"
350579632022,963202,2,1630,35.0183707,-105.8786182,"1"
350579636011,963601,1,1212,34.9383896,-105.9202316,"3"
350579636012,963601,2,1097,34.8180367,-105.8177542,"3"
350579636013,963601,3,1041,34.681288,-105.9359058,"3"
350579636014,963601,4,1151,34.9311545,-106.117151,"1"
350579636015,963601,5,1413,34.7263551,-106.2824783,"3"
350579637001,963700,1,515,34.5239287,-105.6395816,"3"
350579637002,963700,2,1540,34.445981,-106.2899916,"3"
350579800001,980000,1,261,34.761593,-106.0199047,"3"
350599502001,950200,1,1237,36.4658958,-103.1526956,"1"
350599502002,950200,2,1156,36.4314016,-103.2114963,"1"
350599502003,950200,3,1141,36.3802097,-103.2857519,"1"
350599502004,950200,4,545,36.6248178,-103.7298296,"1"
350619403001,940300,1,896,34.8708191,-106.5633316,"1"
350619414001,941400,1,3477,34.8526912,-106.9559278,"2"
350619701011,970101,1,2183,34.802002,-106.6091053,"1"
350619701012,970101,2,2390,34.8040331,-106.5330269,"1"
350619701031,970103,1,1234,34.8060743,-106.6723966,"2"
350619701032,970103,2,1575,34.8051473,-106.7004666,"2"
350619701041,970104,1,1707,34.8294384,-106.6770638,"2"
350619701042,970104,2,1640,34.8268575,-106.6983046,"2"
350619702001,970200,1,1447,34.8386759,-106.7036895,"2"
350619702002,970200,2,1601,34.8519133,-106.7081723,"2"
350619702003,970200,3,967,34.8567867,-106.6904781,"2"
350619703021,970302,1,1014,34.6979403,-106.70317,"3"
350619703022,970302,2,1640,34.7153818,-106.5952638,"3"
350619703041,970304,1,2080,34.7838123,-106.690686,"2"
350619703042,970304,2,1636,34.7460137,-106.7149833,"2"
350619703051,970305,1,1542,34.7591649,-106.7250255,"2"
350619703052,970305,2,1044,34.6987494,-106.7337125,"3"
350619703061,970306,1,1272,34.7522842,-106.6403078,"3"
350619703062,970306,2,2458,34.7784675,-106.6686902,"2"
350619703071,970307,1,1165,34.7668116,-106.6531333,"2"
350619703072,970307,2,1018,34.7665383,-106.6149181,"3"
350619703073,970307,3,1227,34.7721408,-106.5382714,"3"
350619704011,970401,1,1054,34.7973312,-106.7345447,"2"
350619704012,970401,2,1858,34.7920671,-106.7313129,"2"
350619704013,970401,3,1408,34.8123022,-106.7268186,"2"
350619704014,970401,4,864,34.819222,-106.719772,"2"
350619704041,970404,1,1549,34.7947358,-106.7497227,"2"
350619704042,970404,2,1215,34.8075902,-106.7532126,"2"
350619704043,970404,3,2764,34.801022,-106.7636952,"2"
350619704051,970405,1,1880,34.7750801,-106.7950243,"2"
350619704052,970405,2,2219,34.8132174,-106.770358,"2"
350619707011,970701,1,901,34.735255,-106.7455078,"2"
350619707012,970701,2,2078,34.7699391,-106.7608359,"2"
350619707013,970701,3,1894,34.7257154,-106.7751321,"2"
350619707014,970701,4,915,34.7393502,-106.7599288,"2"
350619708001,970800,1,1084,34.676105,-106.7678018,"3"
350619708002,970800,2,1300,34.6790736,-106.7814986,"2"
350619708003,970800,3,899,34.6620597,-106.7913979,"2"
350619708004,970800,4,732,34.666308,-106.7805398,"3"
350619708005,970800,5,731,34.6593857,-106.7817288,"3"
350619709011,970901,1,1222,34.6740183,-106.754725,"3"
350619709012,970901,2,648,34.655126,-106.7726536,"3"
350619709013,970901,3,1255,34.6428893,-106.7832833,"3"
350619709014,970901,4,1280,34.6423223,-106.7558547,"3"
350619709021,970902,1,2031,34.5851904,-106.77214,"3"
350619710001,971000,1,806,34.6468482,-106.7035511,"3"
350619710002,971000,2,1921,34.6492934,-106.7223889,"3"
350619710003,971000,3,1082,34.6315104,-106.7368701,"3"
350619710004,971000,4,1114,34.6178762,-106.7266629,"3"
350619711001,971100,1,1481,34.5801825,-106.6162263,"3"
350619713011,971301,1,1960,34.6981994,-107.0052988,"2"
350619801001,980100,1,76,34.6474627,-106.8374888,"2"
350619802001,980200,1,767,34.7871698,-106.766144,"2"
350619803001,980300,1,4,34.8263082,-106.7793263,"2"
