"GEOCODE","TRACT","BLKGRP","POP100","INTPTLAT","INTPTLON","CLUSTER"
440010301001,30100,1,1555,41.7548932,-71.3354602,"1"
440010301002,30100,2,867,41.7408466,-71.3355372,"1"
440010301003,30100,3,1287,41.7403251,-71.346911,"1"
440010301004,30100,4,1092,41.7520835,-71.34596,"1"
440010302001,30200,1,1161,41.7593931,-71.3256026,"1"
440010302002,30200,2,1377,41.7441342,-71.3233179,"1"
440010302003,30200,3,1042,41.7407993,-71.3099251,"1"
440010303001,30300,1,1426,41.7483916,-71.2918514,"1"
440010303002,30300,2,1787,41.7521104,-71.3015637,"1"
440010303003,30300,3,1562,41.7578038,-71.307633,"1"
440010304001,30400,1,1154,41.7304941,-71.2924232,"1"
440010304002,30400,2,1636,41.7143862,-71.3015021,"1"
440010304003,30400,3,1207,41.7257043,-71.3374715,"1"
440010305001,30500,1,829,41.7354863,-71.2824955,"1"
440010305002,30500,2,1192,41.7284808,-71.275392,"1"
440010305003,30500,3,1453,41.7303421,-71.2858517,"1"
440010306011,30601,1,931,41.7470486,-71.2711449,"1"
440010306012,30601,2,1365,41.733781,-71.2570592,"1"
440010306013,30601,3,1257,41.7099594,-71.2369662,"1"
440010306021,30602,1,1191,41.7232989,-71.2705343,"1"
440010306022,30602,2,1000,41.716473,-71.2630637,"1"
440010306023,30602,3,1306,41.7166647,-71.274885,"1"
440010306024,30602,4,623,41.7122836,-71.2882229,"1"
440010307001,30700,1,927,41.6760909,-71.2720968,"1"
440010307002,30700,2,999,41.6732937,-71.270906,"1"
440010307003,30700,3,811,41.6694587,-71.2704613,"1"
440010307004,30700,4,1115,41.6722299,-71.2791751,"1"
440010308001,30800,1,2034,41.6713557,-71.2637594,"1"
440010308002,30800,2,786,41.6490649,-71.2686186,"1"
440010308003,30800,3,2770,41.6657483,-71.2441264,"1"
440010309011,30901,1,1897,41.707763,-71.258023,"1"
440010309012,30901,2,2680,41.6939975,-71.2501698,"1"
440010309013,30901,3,1508,41.6885536,-71.2204898,"1"
440010309021,30902,1,1385,41.702338,-71.2727921,"1"
440010309022,30902,2,1812,41.6971208,-71.2918125,"1"
440010309023,30902,3,1299,41.6644828,-71.2984746,"1"
440010309024,30902,4,2470,41.6815258,-71.2729425,"1"
440030201011,20101,1,2593,41.679867,-71.5076281,"1"
440030201012,20101,2,1555,41.6676996,-71.5169748,"1"
440030201013,20101,3,1219,41.6785329,-71.5179344,"1"
440030201014,20101,4,1490,41.6757857,-71.524501,"1"
440030201021,20102,1,1604,41.6907116,-71.5055892,"1"
440030201022,20102,2,1378,41.6843201,-71.5256532,"1"
440030201023,20102,3,2066,41.691168,-71.5157891,"1"
440030202001,20200,1,1774,41.7089335,-71.5161354,"1"
440030202002,20200,2,1432,41.6995981,-71.518909,"1"
440030202003,20200,3,1906,41.6920814,-71.528252,"1"
440030203001,20300,1,863,41.7173639,-71.5301725,"1"
440030203002,20300,2,1594,41.7115304,-71.5266853,"1"
440030203003,20300,3,1281,41.7065682,-71.5272062,"1"
440030203004,20300,4,1079,41.7028695,-71.526874,"1"
440030203005,20300,5,1401,41.7006196,-71.5307198,"1"
440030204001,20400,1,714,41.7266966,-71.5202981,"1"
440030204002,20400,2,921,41.7194051,-71.5236591,"1"
440030204003,20400,3,1628,41.7263403,-71.5288758,"1"
440030205001,20500,1,1502,41.728582,-71.4988703,"1"
440030205002,20500,2,3012,41.7207787,-71.5045073,"1"
440030206011,20601,1,1613,41.7265432,-71.5441629,"1"
440030206012,20601,2,1586,41.713356,-71.5414787,"1"
440030206013,20601,3,1578,41.7139535,-71.5674599,"1"
440030206014,20601,4,1654,41.7198697,-71.5508729,"1"
440030206021,20602,1,1819,41.6961034,-71.5686558,"1"
440030206022,20602,2,1693,41.689468,-71.5810915,"1"
440030206031,20603,1,2445,41.6698725,-71.5491445,"1"
440030206032,20603,2,1114,41.6784584,-71.5616483,"1"
440030206033,20603,3,1356,41.6695572,-71.5602285,"1"
440030206034,20603,4,1876,41.6684309,-71.5782526,"1"
440030206041,20604,1,1690,41.7006858,-71.5524193,"1"
440030206042,20604,2,1161,41.699068,-71.5381956,"1"
440030206043,20604,3,2590,41.6889214,-71.5406382,"1"
440030207011,20701,1,1894,41.6902987,-71.7440319,"1"
440030207021,20702,1,1712,41.6875135,-71.6264004,"1"
440030207022,20702,2,2883,41.6882939,-71.6653675,"1"
440030207031,20703,1,2910,41.7188984,-71.606742,"1"
440030207032,20703,2,1343,41.665108,-71.5996635,"1"
440030207033,20703,3,2771,41.6890246,-71.6021403,"1"
440030208001,20800,1,1916,41.6555061,-71.5805706,"1"
440030208002,20800,2,2422,41.6277773,-71.6145061,"1"
440030208003,20800,3,2190,41.6253373,-71.7264075,"1"
440030209011,20901,1,1385,41.6579604,-71.4494208,"1"
440030209012,20901,2,925,41.6486256,-71.4661224,"1"
440030209013,20901,3,1281,41.6557909,-71.4588924,"1"
440030209031,20903,1,2858,41.6554702,-71.5197673,"1"
440030209032,20903,2,1549,41.6249344,-71.5008988,"1"
440030209033,20903,3,2469,41.622811,-71.5320809,"1"
440030209041,20904,1,1978,41.6563371,-71.4772348,"1"
440030209042,20904,2,1867,41.6350309,-71.4830438,"1"
440030210011,21001,1,1275,41.762824,-71.4099025,"1"
440030210012,21001,2,1146,41.7568433,-71.4152716,"1"
440030210021,21002,1,1106,41.7632973,-71.3935913,"1"
440030210022,21002,2,1296,41.7532478,-71.3854852,"1"
440030210023,21002,3,2284,41.7559026,-71.3991202,"1"
440030211001,21100,1,1738,41.7561998,-71.4244932,"1"
440030211002,21100,2,1336,41.7514228,-71.4355313,"1"
440030211003,21100,3,1296,41.7374217,-71.4240834,"1"
440030211004,21100,4,1010,41.7352438,-71.4418541,"1"
440030212001,21200,1,1377,41.7469511,-71.4194441,"1"
440030212002,21200,2,2280,41.7482999,-71.4102333,"1"
440030213001,21300,1,995,41.7427803,-71.379754,"1"
440030213002,21300,2,1587,41.7318588,-71.3787559,"1"
440030213003,21300,3,830,41.7481515,-71.3981568,"1"
440030213004,21300,4,1212,41.7419803,-71.4011109,"1"
440030214011,21401,1,1887,41.7151945,-71.4064218,"1"
440030214012,21401,2,1005,41.7248195,-71.415435,"1"
440030214013,21401,3,1171,41.7307128,-71.4143668,"1"
440030214021,21402,1,1861,41.7279754,-71.4011791,"1"
440030214022,21402,2,790,41.7258048,-71.3917585,"1"
440030214023,21402,3,1231,41.7204601,-71.3910159,"1"
440030215011,21501,1,841,41.7256496,-71.3806065,"1"
440030215012,21501,2,1075,41.7192193,-71.3723323,"1"
440030215013,21501,3,822,41.7156704,-71.3822633,"1"
440030215014,21501,4,661,41.7169344,-71.3590518,"1"
440030215021,21502,1,980,41.7035705,-71.365437,"1"
440030215022,21502,2,1003,41.6943589,-71.3667561,"1"
440030215023,21502,3,1287,41.7050723,-71.3769411,"1"
440030215024,21502,4,942,41.6972077,-71.3811004,"1"
440030216001,21600,1,870,41.6884243,-71.3830565,"1"
440030216002,21600,2,700,41.6694193,-71.3817895,"1"
440030217001,21700,1,1090,41.6942937,-71.3928375,"1"
440030217002,21700,2,816,41.6840514,-71.3963208,"1"
440030217003,21700,3,1035,41.693582,-71.4032983,"1"
440030217004,21700,4,959,41.6992454,-71.4035813,"1"
440030217005,21700,5,1027,41.702136,-71.4124973,"1"
440030218001,21800,1,2591,41.7112813,-71.3909225,"1"
440030218002,21800,2,1484,41.7032619,-71.4015603,"1"
440030219011,21901,1,730,41.7150668,-71.4427105,"1"
440030219012,21901,2,1153,41.7048168,-71.4354774,"1"
440030219013,21901,3,1269,41.7047207,-71.4459481,"1"
440030219021,21902,1,1001,41.7118542,-71.4200191,"1"
440030219022,21902,2,957,41.70782,-71.4229774,"1"
440030219023,21902,3,720,41.7092734,-71.4306854,"1"
440030219031,21903,1,1608,41.6982222,-71.4324,"1"
440030219032,21903,2,2280,41.6851678,-71.4155038,"1"
440030220001,22000,1,1406,41.6735219,-71.4432982,"1"
440030220002,22000,2,2041,41.6873448,-71.4384093,"1"
440030221001,22100,1,2522,41.7213275,-71.4549721,"1"
440030221002,22100,2,922,41.7108524,-71.4548424,"1"
440030221003,22100,3,1207,41.7110837,-71.4765534,"1"
440030221004,22100,4,937,41.7084699,-71.459113,"1"
440030222011,22201,1,1354,41.6925585,-71.4721101,"1"
440030222012,22201,2,1525,41.6764763,-71.4689414,"1"
440030222013,22201,3,1450,41.6685155,-71.467536,"1"
440030222014,22201,4,810,41.6791109,-71.4549037,"1"
440030222015,22201,5,1540,41.6917124,-71.4626344,"1"
440030222021,22202,1,1428,41.675044,-71.4899835,"1"
440030222022,22202,2,2484,41.6958248,-71.4859759,"1"
440030223001,22300,1,769,41.7054442,-71.502856,"1"
440030223002,22300,2,1226,41.7193278,-71.4890066,"1"
440030223003,22300,3,882,41.7240794,-71.4760819,"1"
440030223004,22300,4,1423,41.7310185,-71.4625039,"1"
440030224001,22400,1,1058,41.665324,-71.4281183,"1"
440030224002,22400,2,1225,41.6398704,-71.4565377,"1"
440050401011,40101,1,1204,41.62641,-71.2286775,"1"
440050401012,40101,2,1781,41.6254514,-71.2472605,"1"
440050401013,40101,3,1989,41.6432906,-71.2294619,"1"
440050401021,40102,1,1576,41.5650753,-71.2421182,"1"
440050401022,40102,2,1611,41.5349901,-71.2430049,"1"
440050401023,40102,3,2781,41.6005446,-71.2463775,"1"
440050401041,40104,1,2169,41.5687593,-71.2827274,"1"
440050401042,40104,2,2887,41.572893,-71.2662106,"1"
440050401051,40105,1,21,41.6410095,-71.280394,"1"
440050401052,40105,2,231,41.5969653,-71.3209317,"1"
440050401053,40105,3,1621,41.6092507,-71.264167,"1"
440050402001,40200,1,1611,41.5225174,-71.3024714,"1"
440050402002,40200,2,1,41.5372453,-71.3100859,"1"
440050403021,40302,1,1379,41.5151709,-71.3066487,"1"
440050403022,40302,2,1236,41.5073024,-71.2985157,"1"
440050403031,40303,1,623,41.5547122,-71.2982454,"1"
440050403032,40303,2,2072,41.5436445,-71.2976037,"1"
440050403033,40303,3,653,41.5380706,-71.3030203,"1"
440050403041,40304,1,1738,41.5317451,-71.2804654,"1"
440050403042,40304,2,1602,41.5236402,-71.292821,"1"
440050404001,40400,1,2206,41.5053374,-71.258627,"1"
440050404002,40400,2,2102,41.5093798,-71.284075,"1"
440050404003,40400,3,1852,41.4900127,-71.2754419,"1"
440050405001,40500,1,2007,41.5128639,-71.3133451,"1"
440050405002,40500,2,1640,41.5048292,-71.3118125,"1"
440050405003,40500,3,762,41.4975294,-71.3136631,"1"
440050406001,40600,1,1458,41.5033431,-71.3042655,"1"
440050406002,40600,2,640,41.4983309,-71.3052293,"1"
440050406003,40600,3,1326,41.4955334,-71.3074692,"1"
440050406004,40600,4,1326,41.4938069,-71.3124736,"1"
440050407001,40700,1,1366,41.4979432,-71.2990567,"1"
440050407002,40700,2,1077,41.4947355,-71.2937397,"1"
440050407003,40700,3,767,41.4896677,-71.310321,"1"
440050408001,40800,1,1204,41.4841144,-71.3025212,"1"
440050408002,40800,2,658,41.4811003,-71.310407,"1"
440050408003,40800,3,794,41.4780311,-71.2991068,"1"
440050409001,40900,1,2431,41.4631791,-71.3047479,"1"
440050409002,40900,2,2465,41.4629506,-71.336132,"1"
440050410001,41000,1,536,41.4873726,-71.3167306,"1"
440050410002,41000,2,1493,41.479981,-71.3154886,"1"
440050411002,41100,2,857,41.4989535,-71.320795,"1"
440050411003,41100,3,622,41.4871168,-71.3268221,"1"
440050412001,41200,1,1734,41.5102348,-71.3296377,"1"
440050413001,41300,1,1259,41.5220517,-71.3841161,"1"
440050413002,41300,2,777,41.5519949,-71.3779138,"1"
440050413003,41300,3,951,41.5465938,-71.3625782,"1"
440050413004,41300,4,1185,41.5045507,-71.3701157,"1"
440050413005,41300,5,1387,41.4780351,-71.3870174,"1"
440050414001,41400,1,1048,41.491684,-71.1772296,"1"
440050414002,41400,2,1442,41.5403869,-71.1403307,"1"
440050414003,41400,3,1126,41.5189976,-71.1747902,"1"
440050416011,41601,1,1825,41.6665308,-71.1831814,"1"
440050416012,41601,2,1330,41.6664505,-71.1942025,"1"
440050416021,41602,1,1208,41.6325035,-71.2025053,"1"
440050416022,41602,2,1873,41.6502794,-71.2058963,"1"
440050416023,41602,3,1573,41.6505915,-71.1969182,"1"
440050417011,41701,1,1624,41.6387171,-71.1746097,"1"
440050417012,41701,2,1722,41.6482533,-71.1419065,"1"
440050417021,41702,1,2174,41.607984,-71.1682006,"1"
440050417022,41702,2,2005,41.5779378,-71.1697152,"1"
440050417023,41702,3,1025,41.5779165,-71.2067218,"1"
440070001011,101,1,1355,41.7929314,-71.3882921,"1"
440070001012,101,2,719,41.7892524,-71.3945438,"1"
440070001013,101,3,1317,41.7929456,-71.3997278,"1"
440070001014,101,4,1180,41.7893757,-71.401108,"1"
440070001021,102,1,1136,41.7925232,-71.4054309,"1"
440070001022,102,2,1320,41.7810657,-71.4102284,"1"
440070001023,102,3,1561,41.7893658,-71.4093372,"1"
440070001024,102,4,1510,41.7834368,-71.4171006,"1"
440070002001,200,1,1610,41.7981396,-71.421188,"2"
440070002002,200,2,1153,41.7942328,-71.4234174,"2"
440070002003,200,3,1075,41.795805,-71.419255,"2"
440070002004,200,4,1271,41.7968334,-71.4155018,"2"
440070002005,200,5,1848,41.7918857,-71.4175471,"1"
440070003011,301,1,1610,41.8052577,-71.4274037,"2"
440070003012,301,2,1003,41.7995378,-71.4281923,"2"
440070003021,302,1,754,41.8088501,-71.4225378,"2"
440070003022,302,2,1336,41.8038248,-71.4217583,"2"
440070003023,302,3,963,41.8044606,-71.424072,"2"
440070003024,302,4,1675,41.8004417,-71.4224766,"2"
440070004001,400,1,982,41.8085006,-71.416492,"2"
440070004002,400,2,964,41.8059716,-71.4169125,"2"
440070004003,400,3,926,41.803574,-71.4135422,"2"
440070004004,400,4,1186,41.8028042,-71.417086,"2"
440070005001,500,1,1219,41.8008579,-71.4093415,"2"
440070005002,500,2,772,41.7998629,-71.4143469,"2"
440070005003,500,3,1296,41.7972021,-71.4090397,"2"
440070006001,600,1,733,41.8114841,-71.4033726,"2"
440070006002,600,2,1513,41.8065863,-71.4096552,"2"
440070007001,700,1,519,41.813877,-71.4140246,"2"
440070007002,700,2,1576,41.8119105,-71.4165981,"2"
440070007003,700,3,619,41.8155832,-71.4192628,"2"
440070008001,800,1,2024,41.8265415,-71.4146046,"2"
440070008002,800,2,1124,41.8192592,-71.4157909,"2"
440070008003,800,3,1498,41.8220624,-71.411219,"2"
440070009001,900,1,1298,41.8242451,-71.4250219,"2"
440070009002,900,2,952,41.8222993,-71.4295423,"2"
440070010001,1000,1,1357,41.8186422,-71.4331075,"2"
440070010002,1000,2,1227,41.8196739,-71.435794,"2"
440070011001,1100,1,1050,41.8211639,-71.4268147,"2"
440070011002,1100,2,755,41.8190172,-71.4236269,"2"
440070011003,1100,3,797,41.8191474,-71.4281629,"2"
440070012001,1200,1,1275,41.8151308,-71.424382,"2"
440070012002,1200,2,911,41.8141676,-71.4286678,"2"
440070012003,1200,3,1239,41.8108647,-71.4256811,"2"
440070013001,1300,1,853,41.8145532,-71.4332399,"2"
440070013002,1300,2,1056,41.8117908,-71.4336604,"2"
440070013003,1300,3,1288,41.8106136,-71.4379333,"2"
440070013004,1300,4,1099,41.8132335,-71.4384197,"2"
440070014001,1400,1,1347,41.8101228,-71.4303802,"2"
440070014002,1400,2,1686,41.8074479,-71.4318396,"2"
440070014003,1400,3,969,41.8087722,-71.436194,"2"
440070014004,1400,4,1709,41.803874,-71.4341659,"2"
440070014005,1400,5,1238,41.8064191,-71.4393768,"2"
440070015001,1500,1,1119,41.7927639,-71.4308244,"1"
440070015002,1500,2,937,41.7902786,-71.4261757,"1"
440070015003,1500,3,880,41.7872167,-71.426924,"1"
440070016011,1601,1,749,41.8155411,-71.448227,"2"
440070016012,1601,2,1548,41.8131368,-71.4440944,"2"
440070016013,1601,3,897,41.8144694,-71.4533172,"2"
440070016021,1602,1,1430,41.8096256,-71.4445248,"2"
440070016022,1602,2,1065,41.808511,-71.4468447,"2"
440070016023,1602,3,1527,41.8082159,-71.4505688,"2"
440070016024,1602,4,1597,41.8117814,-71.4523292,"2"
440070017001,1700,1,1179,41.8075286,-71.4546587,"2"
440070017002,1700,2,1255,41.807067,-71.4609164,"2"
440070017003,1700,3,1937,41.8106107,-71.4579961,"2"
440070018001,1800,1,1161,41.8211946,-71.4651577,"2"
440070018002,1800,2,1666,41.8199522,-71.4541982,"2"
440070018003,1800,3,909,41.8165395,-71.4531429,"2"
440070018004,1800,4,1209,41.8159742,-71.457455,"2"
440070018005,1800,5,1285,41.815837,-71.460765,"2"
440070018006,1800,6,1376,41.8123685,-71.46427,"2"
440070019001,1900,1,718,41.8232533,-71.4371541,"2"
440070019002,1900,2,1096,41.8188624,-71.4442235,"2"
440070019003,1900,3,1072,41.8198265,-71.4490704,"2"
440070019004,1900,4,667,41.8241804,-71.4506129,"2"
440070019005,1900,5,1314,41.8230282,-71.4470955,"2"
440070019006,1900,6,1380,41.8218729,-71.4426872,"2"
440070020001,2000,1,2652,41.824623,-71.4577339,"2"
440070020002,2000,2,3917,41.8319004,-71.4631914,"2"
440070021011,2101,1,784,41.8347244,-71.4517418,"2"
440070021012,2101,2,932,41.8370038,-71.4481538,"2"
440070021013,2101,3,1074,41.8342383,-71.4467646,"2"
440070021021,2102,1,852,41.830695,-71.4518693,"2"
440070021022,2102,2,976,41.8277129,-71.4552594,"2"
440070021023,2102,3,2310,41.82737,-71.4462444,"2"
440070021024,2102,4,1579,41.8269977,-71.4512666,"2"
440070021025,2102,5,728,41.8312694,-71.4470521,"2"
440070022001,2200,1,1410,41.8319269,-71.4335911,"2"
440070022002,2200,2,1040,41.828049,-71.4375675,"2"
440070022003,2200,3,1401,41.8275759,-71.4417658,"2"
440070022004,2200,4,1365,41.8309023,-71.4417121,"2"
440070023001,2300,1,1382,41.8390449,-71.4311636,"2"
440070023002,2300,2,1210,41.836037,-71.4354638,"2"
440070023003,2300,3,749,41.8336358,-71.4415572,"2"
440070023004,2300,4,681,41.8366926,-71.442043,"2"
440070023005,2300,5,825,41.8404497,-71.4363502,"2"
440070023006,2300,6,750,41.8397285,-71.4418902,"2"
440070024001,2400,1,2099,41.8441525,-71.4362744,"2"
440070024002,2400,2,1211,41.8466775,-71.4401446,"2"
440070024003,2400,3,989,41.8428036,-71.4314709,"2"
440070024004,2400,4,1728,41.8489011,-71.4493746,"2"
440070024005,2400,5,1170,41.8461242,-71.4449145,"2"
440070024006,2400,6,1084,41.8376606,-71.4588669,"2"
440070025001,2500,1,1461,41.8343033,-71.4271806,"2"
440070025002,2500,2,1568,41.8311103,-71.4225746,"2"
440070025003,2500,3,1067,41.827442,-71.4295553,"2"
440070026001,2600,1,1407,41.8344873,-71.4201904,"2"
440070026002,2600,2,880,41.837616,-71.4196743,"2"
440070026003,2600,3,1326,41.8378266,-71.427293,"2"
440070027001,2700,1,1138,41.8479693,-71.4273111,"2"
440070027002,2700,2,1029,41.8453797,-71.4228915,"2"
440070027003,2700,3,1732,41.8410384,-71.4236409,"2"
440070027004,2700,4,826,41.8453198,-71.4315978,"2"
440070028011,2801,1,2234,41.8529977,-71.4416735,"2"
440070028012,2801,2,1475,41.8492353,-71.4349708,"2"
440070028021,2802,1,1630,41.8583341,-71.4362945,"2"
440070028022,2802,2,1279,41.8511589,-71.4309159,"2"
440070029001,2900,1,1313,41.856696,-71.4096958,"2"
440070029002,2900,2,1033,41.8550744,-71.4169295,"2"
440070029003,2900,3,1829,41.8513569,-71.4164574,"2"
440070029004,2900,4,1112,41.8447349,-71.4169503,"2"
440070029005,2900,5,2221,41.8543517,-71.425295,"2"
440070031001,3100,1,969,41.8387688,-71.4022183,"2"
440070031002,3100,2,874,41.8403123,-71.4062769,"2"
440070031003,3100,3,904,41.838269,-71.4116533,"2"
440070031004,3100,4,1595,41.8346712,-71.408005,"2"
440070032001,3200,1,693,41.8438499,-71.3942023,"2"
440070032002,3200,2,878,41.8427194,-71.3995646,"2"
440070032003,3200,3,779,41.8454206,-71.3980739,"2"
440070032004,3200,4,990,41.8443361,-71.4043392,"2"
440070033001,3300,1,1456,41.8547505,-71.394906,"2"
440070033002,3300,2,887,41.8506405,-71.3939244,"2"
440070033003,3300,3,1227,41.8484263,-71.3996062,"2"
440070033004,3300,4,715,41.8483931,-71.4075318,"2"
440070034001,3400,1,1112,41.8521416,-71.3810441,"2"
440070034002,3400,2,1147,41.8404983,-71.3793063,"2"
440070034003,3400,3,863,41.8369681,-71.3884726,"2"
440070034004,3400,4,1733,41.8373919,-71.3959207,"2"
440070035001,3500,1,990,41.8319409,-71.3908494,"2"
440070035002,3500,2,1429,41.8257011,-71.387078,"2"
440070035003,3500,3,953,41.8285558,-71.3878903,"2"
440070035004,3500,4,1487,41.8324523,-71.3816087,"2"
440070036011,3601,1,1728,41.8298602,-71.3977931,"2"
440070036012,3601,2,570,41.8278346,-71.392273,"2"
440070036013,3601,3,945,41.8258332,-71.3955737,"2"
440070036021,3602,1,2200,41.8239837,-71.4030681,"2"
440070036022,3602,2,916,41.8327462,-71.4045764,"2"
440070036023,3602,3,4359,41.8278677,-71.404521,"2"
440070037001,3700,1,802,41.8224355,-71.3885815,"2"
440070037002,3700,2,1009,41.8181514,-71.3953925,"2"
440070037003,3700,3,1188,41.821186,-71.3961729,"2"
440070037004,3700,4,652,41.820978,-71.4002743,"2"
440070101011,10101,1,760,41.8551811,-71.3579891,"2"
440070101012,10101,2,672,41.8474547,-71.359902,"2"
440070101013,10101,3,1224,41.8393365,-71.3614774,"2"
440070101014,10101,4,1218,41.8542121,-71.3680283,"2"
440070101021,10102,1,734,41.8543078,-71.3500399,"2"
440070101022,10102,2,800,41.8508987,-71.3451616,"2"
440070101023,10102,3,1024,41.8355858,-71.3423728,"2"
440070101024,10102,4,913,41.836449,-71.3526823,"2"
440070102001,10200,1,773,41.8321386,-71.3686755,"2"
440070102002,10200,2,761,41.8192082,-71.366746,"2"
440070102003,10200,3,948,41.8176151,-71.3745424,"2"
440070102004,10200,4,852,41.8202372,-71.3715535,"2"
440070102005,10200,5,1426,41.824115,-71.3782231,"2"
440070102006,10200,6,1842,41.8248831,-71.3711351,"2"
440070103001,10300,1,1757,41.8272161,-71.3552113,"2"
440070103002,10300,2,1294,41.8180509,-71.3518352,"2"
440070103003,10300,3,1101,41.8137471,-71.3568703,"2"
440070104001,10400,1,688,41.8119157,-71.3677227,"2"
440070104002,10400,2,1701,41.8058908,-71.3690743,"2"
440070104003,10400,3,2030,41.8081798,-71.3837635,"2"
440070104004,10400,4,1419,41.8157045,-71.3802506,"2"
440070104005,10400,5,877,41.8133696,-71.3736613,"2"
440070105011,10501,1,1727,41.8007869,-71.3460331,"2"
440070105012,10501,2,1491,41.8071562,-71.3627288,"2"
440070105013,10501,3,1397,41.8012957,-71.3582694,"2"
440070105021,10502,1,1399,41.7907421,-71.3695092,"1"
440070105022,10502,2,668,41.7982278,-71.3658448,"2"
440070105023,10502,3,1881,41.7826128,-71.3440982,"1"
440070105024,10502,4,1030,41.7841866,-71.3597272,"1"
440070106001,10600,1,1015,41.751531,-71.3611632,"1"
440070106002,10600,2,1942,41.7727179,-71.3587709,"1"
440070106003,10600,3,520,41.7777192,-71.3693223,"1"
440070106004,10600,4,926,41.7655036,-71.3687063,"1"
440070106005,10600,5,752,41.7649996,-71.3623891,"1"
440070106006,10600,6,1052,41.7628254,-71.3585021,"1"
440070107011,10701,1,1752,41.7745055,-71.340721,"1"
440070107012,10701,2,597,41.7702494,-71.3476839,"1"
440070107021,10702,1,694,41.7654506,-71.3372584,"1"
440070107022,10702,2,794,41.7657926,-71.3442619,"1"
440070107023,10702,3,1199,41.758426,-71.3474709,"1"
440070107024,10702,4,1489,41.7652801,-71.3513388,"1"
440070108001,10800,1,1584,41.8872423,-71.3845768,"2"
440070108002,10800,2,2806,41.8867137,-71.390882,"2"
440070108003,10800,3,1125,41.8840617,-71.3899373,"2"
440070109001,10900,1,1540,41.8941282,-71.3846533,"2"
440070109002,10900,2,1576,41.8953743,-71.3912869,"2"
440070109003,10900,3,1507,41.8926319,-71.3905277,"2"
440070109004,10900,4,1086,41.8902462,-71.3896552,"2"
440070110001,11000,1,1318,41.8937365,-71.400134,"2"
440070110002,11000,2,2494,41.8904238,-71.3944188,"2"
440070110003,11000,3,2577,41.8880111,-71.3973392,"2"
440070111001,11100,1,1621,41.8903588,-71.403722,"2"
440070111002,11100,2,3349,41.8842176,-71.3984714,"2"
440070112001,11200,1,1086,41.9162393,-71.3893757,"2"
440070112002,11200,2,1836,41.9081166,-71.38611,"2"
440070112003,11200,3,821,41.9041837,-71.3956469,"2"
440070112004,11200,4,1023,41.9087143,-71.3962995,"2"
440070112005,11200,5,1217,41.9126364,-71.394904,"2"
440070113011,11301,1,1535,41.9199448,-71.4014486,"2"
440070113012,11301,2,1809,41.9239517,-71.4177484,"2"
440070113013,11301,3,1638,41.9384252,-71.4145628,"2"
440070113021,11302,1,1206,41.9376914,-71.3984285,"2"
440070113022,11302,2,1674,41.9232264,-71.3913004,"2"
440070113023,11302,3,1317,41.9369211,-71.3854093,"2"
440070114021,11402,1,2051,42.0021175,-71.4225964,"2"
440070114022,11402,2,2669,41.9828126,-71.4252709,"2"
440070114031,11403,1,844,41.9885134,-71.4699827,"2"
440070114032,11403,2,1705,41.9710016,-71.4576738,"2"
440070114033,11403,3,1913,41.9580887,-71.4548211,"2"
440070114034,11403,4,1484,41.9787162,-71.4674685,"2"
440070114035,11403,5,1402,41.9759423,-71.4747561,"2"
440070114041,11404,1,1576,41.9689711,-71.3852882,"2"
440070114042,11404,2,1879,41.9636449,-71.3955488,"2"
440070114043,11404,3,1117,41.9494561,-71.3923089,"2"
440070114051,11405,1,682,41.9471732,-71.4200876,"2"
440070114052,11405,2,1252,41.9577381,-71.4168424,"2"
440070114053,11405,3,961,41.9704505,-71.4073015,"2"
440070114054,11405,4,1708,41.9596167,-71.4339727,"2"
440070115001,11500,1,2047,41.9441068,-71.4654874,"2"
440070115002,11500,2,1236,41.9675412,-71.4715918,"2"
440070115003,11500,3,2130,41.9594027,-71.476946,"2"
440070115004,11500,4,1329,41.9734566,-71.4782991,"2"
440070116001,11600,1,978,41.9302065,-71.4436783,"2"
440070116002,11600,2,1585,41.8824984,-71.4536241,"2"
440070116003,11600,3,964,41.923107,-71.4478473,"2"
440070116004,11600,4,1041,41.9009232,-71.4634393,"2"
440070116005,11600,5,1896,41.9260912,-71.4660368,"2"
440070117011,11701,1,2116,41.9124573,-71.4119059,"2"
440070117012,11701,2,1703,41.9004461,-71.4059317,"2"
440070117013,11701,3,999,41.9138009,-71.4271524,"2"
440070117021,11702,1,1273,41.887663,-71.4095535,"2"
440070117022,11702,2,1472,41.8808383,-71.4236602,"2"
440070117023,11702,3,1760,41.8958145,-71.430255,"2"
440070118001,11800,1,2248,41.8733786,-71.4263296,"2"
440070118002,11800,2,1612,41.8647344,-71.4211134,"2"
440070118003,11800,3,981,41.8640964,-71.4260695,"2"
440070118004,11800,4,2304,41.8690693,-71.4351779,"2"
440070119011,11901,1,2062,41.8619352,-71.4433367,"2"
440070119012,11901,2,1216,41.8587662,-71.4527234,"2"
440070119021,11902,1,2251,41.8671467,-71.4643168,"2"
440070119022,11902,2,1143,41.8722699,-71.4474031,"2"
440070119023,11902,3,1636,41.8684344,-71.4557649,"2"
440070120001,12000,1,1371,41.8544155,-71.4612516,"2"
440070120002,12000,2,1823,41.8537174,-71.4538417,"2"
440070120003,12000,3,936,41.8459522,-71.4637042,"2"
440070120004,12000,4,916,41.8514424,-71.4697271,"2"
440070120005,12000,5,1247,41.8570955,-71.4682738,"2"
440070121021,12102,1,1911,41.8460925,-71.4746559,"2"
440070121022,12102,2,1498,41.8404836,-71.4731895,"2"
440070121023,12102,3,1529,41.8529645,-71.4785637,"2"
440070121031,12103,1,1874,41.86254,-71.4691878,"2"
440070121032,12103,2,1113,41.8624314,-71.4765778,"2"
440070121041,12104,1,1278,41.8570636,-71.4809975,"2"
440070121042,12104,2,1452,41.8650893,-71.4876815,"2"
440070121043,12104,3,1713,41.86659,-71.4801356,"2"
440070122001,12200,1,1464,41.8159264,-71.5039949,"2"
440070122002,12200,2,2448,41.8234198,-71.5521976,"2"
440070122003,12200,3,728,41.8092173,-71.5351565,"2"
440070122004,12200,4,2805,41.8459916,-71.5317145,"2"
440070123001,12300,1,1407,41.8496121,-71.4859047,"2"
440070123002,12300,2,2613,41.8393158,-71.4936285,"2"
440070123003,12300,3,2786,41.8567003,-71.499123,"2"
440070124011,12401,1,901,41.828225,-71.4685118,"2"
440070124012,12401,2,1037,41.8232521,-71.4762245,"2"
440070124013,12401,3,1075,41.8270764,-71.4782468,"2"
440070124014,12401,4,1850,41.8327972,-71.4811567,"2"
440070124015,12401,5,2420,41.8251784,-71.4921844,"2"
440070124021,12402,1,1182,41.8142551,-71.4809613,"2"
440070124022,12402,2,1454,41.807379,-71.4769871,"2"
440070125001,12500,1,2113,41.8017842,-71.4764807,"2"
440070125002,12500,2,2426,41.798512,-71.4944827,"2"
440070125003,12500,3,859,41.798376,-71.5133455,"2"
440070126011,12601,1,3540,41.9266422,-71.5264885,"2"
440070126012,12601,2,976,41.8894021,-71.5253479,"2"
440070126021,12602,1,1128,41.8979368,-71.5118636,"2"
440070126022,12602,2,1286,41.8915232,-71.5015093,"2"
440070126023,12602,3,2263,41.8784117,-71.509716,"2"
440070126024,12602,4,2792,41.8975429,-71.4854801,"2"
440070127011,12701,1,952,41.8963458,-71.5508449,"2"
440070127012,12701,2,1481,41.9172764,-71.5713559,"2"
440070127013,12701,3,3130,41.8840391,-71.5586115,"2"
440070127021,12702,1,2300,41.864162,-71.5569905,"2"
440070127022,12702,2,1037,41.8692163,-71.5635504,"2"
440070127023,12702,3,1233,41.8736516,-71.5403928,"2"
440070128011,12801,1,1229,42.0023403,-71.5932066,"2"
440070128012,12801,2,1623,42.0063317,-71.5418919,"2"
440070128013,12801,3,2392,42.0057368,-71.5683245,"2"
440070128021,12802,1,965,41.9932307,-71.5468824,"2"
440070128022,12802,2,1429,41.9813053,-71.5323573,"2"
440070128031,12803,1,1844,41.9716917,-71.5272776,"2"
440070128032,12803,2,1474,41.9532998,-71.5763859,"2"
440070128033,12803,3,1632,41.9506472,-71.514818,"2"
440070129001,12900,1,1640,41.9674961,-71.6771239,"2"
440070129002,12900,2,1468,41.961887,-71.6964576,"2"
440070129003,12900,3,857,41.9612475,-71.714303,"2"
440070129004,12900,4,989,41.9427095,-71.7040998,"2"
440070130011,13001,1,1431,41.9942058,-71.7128221,"2"
440070130012,13001,2,1979,41.9590726,-71.7573229,"2"
440070130021,13002,1,2908,41.9850794,-71.630603,"2"
440070130022,13002,2,1296,41.9814084,-71.6610913,"2"
440070130023,13002,3,1844,41.9445035,-71.6801608,"2"
440070130024,13002,4,1746,41.9405483,-71.6257448,"2"
440070131011,13101,1,2293,41.8928934,-71.72719,"2"
440070131012,13101,2,1377,41.8941544,-71.7684838,"2"
440070131013,13101,3,1010,41.9140512,-71.6846741,"2"
440070131021,13102,1,1946,41.884706,-71.6366142,"2"
440070131022,13102,2,1553,41.916395,-71.6231207,"2"
440070131023,13102,3,1795,41.8773294,-71.5917611,"2"
440070132011,13201,1,742,41.8493439,-71.594043,"2"
440070132012,13201,2,1179,41.8107129,-71.5808184,"2"
440070132013,13201,3,1603,41.7680029,-71.5730111,"1"
440070132014,13201,4,1037,41.742362,-71.5778518,"1"
440070132021,13202,1,1757,41.8436506,-71.6463692,"2"
440070132022,13202,2,1922,41.811538,-71.6327795,"2"
440070132023,13202,3,2144,41.7517995,-71.6357891,"1"
440070133001,13300,1,1330,41.8289153,-71.7303713,"2"
440070133002,13300,2,1181,41.8158539,-71.7761183,"2"
440070133003,13300,3,981,41.7442601,-71.7557367,"1"
440070133004,13300,4,977,41.7589503,-71.7018826,"1"
440070134001,13400,1,1036,41.7769877,-71.3961421,"1"
440070134002,13400,2,1398,41.7702383,-71.3971458,"1"
440070134003,13400,3,1558,41.7701058,-71.3892268,"1"
440070135001,13500,1,1377,41.7850745,-71.3890158,"1"
440070135002,13500,2,729,41.7843038,-71.3972023,"1"
440070135003,13500,3,791,41.7806649,-71.3989101,"1"
440070135004,13500,4,863,41.7819895,-71.4019789,"1"
440070135005,13500,5,1618,41.775445,-71.4062926,"1"
440070136001,13600,1,1097,41.7694944,-71.4103801,"1"
440070136002,13600,2,732,41.7633445,-71.4240096,"1"
440070136003,13600,3,1239,41.7710749,-71.422267,"1"
440070137011,13701,1,993,41.784266,-71.4260826,"1"
440070137012,13701,2,1134,41.7797462,-71.4279638,"1"
440070137013,13701,3,1061,41.7745133,-71.4282982,"1"
440070137014,13701,4,1304,41.775449,-71.434015,"1"
440070137021,13702,1,913,41.778841,-71.4406902,"1"
440070137022,13702,2,981,41.7754489,-71.4430848,"1"
440070137023,13702,3,957,41.7729684,-71.4418596,"1"
440070138001,13800,1,1017,41.7681477,-71.4331487,"1"
440070138002,13800,2,1002,41.7694123,-71.4413723,"1"
440070138003,13800,3,1375,41.7677444,-71.4472017,"1"
440070138004,13800,4,1556,41.7644427,-71.437476,"1"
440070139001,13900,1,849,41.7655288,-71.4517508,"1"
440070139002,13900,2,963,41.7610757,-71.4502698,"1"
440070139003,13900,3,1354,41.7568136,-71.4498289,"1"
440070140001,14000,1,1145,41.7825766,-71.4350181,"1"
440070140002,14000,2,1495,41.7840645,-71.4413777,"1"
440070140003,14000,3,1804,41.7875827,-71.448443,"1"
440070140004,14000,4,703,41.7821518,-71.4511929,"1"
440070140005,14000,5,835,41.7777464,-71.4499227,"1"
440070141001,14100,1,1996,41.8045584,-71.4470218,"2"
440070141002,14100,2,1097,41.7904468,-71.4403642,"1"
440070141003,14100,3,2211,41.7989455,-71.4461366,"2"
440070142001,14200,1,1276,41.735219,-71.474655,"1"
440070142002,14200,2,3481,41.742936,-71.4592039,"1"
440070143001,14300,1,1577,41.7789219,-71.4608901,"1"
440070143002,14300,2,1274,41.767822,-71.4680795,"1"
440070143003,14300,3,2133,41.7726247,-71.4592767,"1"
440070144001,14400,1,1738,41.7598501,-71.465891,"1"
440070144002,14400,2,927,41.752725,-71.4710263,"1"
440070144003,14400,3,1194,41.7451137,-71.4762213,"1"
440070145011,14501,1,1176,41.7598132,-71.4911647,"1"
440070145012,14501,2,1958,41.7737169,-71.5090813,"1"
440070145013,14501,3,2000,41.766177,-71.5159334,"1"
440070145021,14502,1,1567,41.7726235,-71.483795,"1"
440070145022,14502,2,1668,41.7616594,-71.4775666,"1"
440070145023,14502,3,1034,41.779027,-71.4694492,"1"
440070146001,14600,1,2865,41.7429321,-71.5030396,"1"
440070146002,14600,2,2081,41.7822365,-71.5385814,"1"
440070146003,14600,3,1044,41.7398293,-71.4848021,"1"
440070146004,14600,4,1180,41.7452462,-71.5362421,"1"
440070147001,14700,1,1848,41.802567,-71.4550592,"2"
440070147002,14700,2,1755,41.7953414,-71.4546241,"2"
440070147003,14700,3,1142,41.7880349,-71.4542396,"1"
440070147004,14700,4,992,41.7865199,-71.4602196,"1"
440070147005,14700,5,701,41.7833442,-71.4690871,"1"
440070147006,14700,6,1395,41.7977497,-71.4656669,"2"
440070148001,14800,1,2097,41.7920267,-71.4795749,"1"
440070148002,14800,2,2085,41.7878052,-71.4936425,"1"
440070148003,14800,3,1563,41.7822552,-71.4819724,"1"
440070150001,15000,1,2194,41.8766892,-71.4109059,"2"
440070150002,15000,2,2379,41.8748197,-71.4178179,"2"
440070151001,15100,1,2069,41.8803764,-71.3968816,"2"
440070151002,15100,2,1527,41.8743956,-71.3999775,"2"
440070151003,15100,3,1206,41.8745443,-71.4038689,"2"
440070152001,15200,1,755,41.8819563,-71.3831761,"2"
440070152002,15200,2,1017,41.8773669,-71.3854413,"2"
440070152003,15200,3,1274,41.8817121,-71.3880547,"2"
440070153001,15300,1,1304,41.8923094,-71.3751112,"2"
440070153002,15300,2,1012,41.8879199,-71.376719,"2"
440070154001,15400,1,864,41.8879764,-71.3705117,"2"
440070154002,15400,2,1517,41.8864457,-71.3735039,"2"
440070155001,15500,1,1056,41.8947347,-71.3593858,"2"
440070155002,15500,2,1047,41.8917198,-71.3611608,"2"
440070155003,15500,3,1595,41.8902229,-71.3672702,"2"
440070155004,15500,4,823,41.8938091,-71.3680453,"2"
440070156001,15600,1,778,41.8912698,-71.3565264,"2"
440070156002,15600,2,714,41.8889385,-71.357926,"2"
440070156003,15600,3,1141,41.8871435,-71.3623751,"2"
440070157001,15700,1,776,41.8947807,-71.3419252,"2"
440070157002,15700,2,1255,41.8904322,-71.349735,"2"
440070157003,15700,3,1148,41.8941343,-71.3480265,"2"
440070157004,15700,4,574,41.8952022,-71.3518565,"2"
440070158001,15800,1,798,41.882361,-71.3441421,"2"
440070158002,15800,2,737,41.8792065,-71.3505654,"2"
440070158003,15800,3,656,41.8827436,-71.3498302,"2"
440070158004,15800,4,729,41.8856769,-71.3502009,"2"
440070158005,15800,5,854,41.8876631,-71.3506759,"2"
440070159001,15900,1,844,41.8856982,-71.3582095,"2"
440070159002,15900,2,706,41.8814891,-71.3556873,"2"
440070159003,15900,3,785,41.8814456,-71.358976,"2"
440070159004,15900,4,1022,41.8828731,-71.3628581,"2"
440070160001,16000,1,838,41.883661,-71.3802831,"2"
440070160002,16000,2,1008,41.8810429,-71.3711057,"2"
440070160003,16000,3,1677,41.8821195,-71.3752414,"2"
440070161001,16100,1,1092,41.8760206,-71.3906941,"2"
440070161002,16100,2,834,41.8717112,-71.3891542,"2"
440070161003,16100,3,1542,41.8703617,-71.396546,"2"
440070161004,16100,4,1550,41.8742216,-71.3958335,"2"
440070163001,16300,1,1162,41.8659247,-71.4084401,"2"
440070163002,16300,2,1124,41.8621837,-71.4151485,"2"
440070163003,16300,3,615,41.867445,-71.4176333,"2"
440070164001,16400,1,1559,41.8630049,-71.3968187,"2"
440070164002,16400,2,1058,41.8617349,-71.401655,"2"
440070164003,16400,3,1303,41.8679723,-71.3918406,"2"
440070164004,16400,4,1260,41.8672551,-71.3964873,"2"
440070165001,16500,1,1276,41.8605935,-71.3865156,"2"
440070165002,16500,2,1516,41.8587973,-71.3943707,"2"
440070165003,16500,3,1186,41.8632454,-71.3909277,"2"
440070166001,16600,1,1787,41.8650709,-71.3817276,"2"
440070167001,16700,1,1464,41.8753837,-71.3769241,"2"
440070167002,16700,2,1956,41.8712281,-71.3794681,"2"
440070168001,16800,1,996,41.8778865,-71.3600224,"2"
440070168002,16800,2,738,41.8732364,-71.3562816,"2"
440070168003,16800,3,1359,41.8733275,-71.361371,"2"
440070169001,16900,1,576,41.8737221,-71.3510503,"2"
440070169002,16900,2,688,41.8685301,-71.3452384,"2"
440070169003,16900,3,654,41.8765755,-71.3508857,"2"
440070170001,17000,1,852,41.8617487,-71.3613437,"2"
440070170002,17000,2,651,41.8675409,-71.3615963,"2"
440070170003,17000,3,856,41.8672658,-71.3566833,"2"
440070170004,17000,4,703,41.8617292,-71.3566115,"2"
440070170005,17000,5,1573,41.8627289,-71.3449781,"2"
440070171001,17100,1,840,41.86118,-71.3725665,"2"
440070171002,17100,2,863,41.8754869,-71.3682736,"2"
440070171003,17100,3,2535,41.8660107,-71.3677225,"2"
440070171004,17100,4,757,41.8688845,-71.3738305,"2"
440070173001,17300,1,986,42.0137067,-71.5196911,"2"
440070173002,17300,2,1507,42.009697,-71.5178447,"2"
440070173003,17300,3,674,42.0083976,-71.524964,"2"
440070174001,17400,1,1515,42.0039562,-71.5323946,"2"
440070174002,17400,2,1086,42.0007215,-71.5243724,"2"
440070174003,17400,3,1703,41.9975325,-71.531308,"2"
440070175001,17500,1,1067,41.993564,-71.5277182,"2"
440070175002,17500,2,1156,41.9904321,-71.5246478,"2"
440070175003,17500,3,1096,41.9883601,-71.5185736,"2"
440070176001,17600,1,1262,41.9994924,-71.5213979,"2"
440070176002,17600,2,1459,41.9946314,-71.5174125,"2"
440070177001,17700,1,1136,41.9894952,-71.4943508,"2"
440070177002,17700,2,1330,41.9864491,-71.5037026,"2"
440070177003,17700,3,1171,41.9899871,-71.5128043,"2"
440070178001,17800,1,892,41.9964354,-71.5026287,"2"
440070178002,17800,2,858,41.996733,-71.5094308,"2"
440070178003,17800,3,870,41.9971935,-71.5164268,"2"
440070179001,17900,1,715,42.0037707,-71.5041186,"2"
440070179002,17900,2,1537,42.0002785,-71.502264,"2"
440070179003,17900,3,1304,42.0012456,-71.5091557,"2"
440070180001,18000,1,1144,42.0091876,-71.5093931,"2"
440070180002,18000,2,1002,42.0061599,-71.5105001,"2"
440070180003,18000,3,723,42.0015091,-71.5158568,"2"
440070181001,18100,1,840,42.0131123,-71.5061007,"2"
440070181002,18100,2,2121,42.0150743,-71.4955229,"2"
440070182001,18200,1,1560,42.0120724,-71.4942003,"2"
440070182002,18200,2,1359,42.0085922,-71.4948037,"2"
440070183001,18300,1,1842,42.0070182,-71.4962428,"2"
440070184001,18400,1,977,42.0085557,-71.4816664,"2"
440070184002,18400,2,1160,42.0149461,-71.4668505,"2"
440070184003,18400,3,2037,42.0128447,-71.4873263,"2"
440070184004,18400,4,2337,42.0088563,-71.4707125,"2"
440070185001,18500,1,790,41.990746,-71.4881824,"2"
440070185002,18500,2,2024,41.9983161,-71.4814202,"2"
440090415001,41500,1,1278,41.1657582,-71.5811908,"1"
440090415002,41500,2,132,41.2054727,-71.5756469,"1"
440090501021,50102,1,1175,41.5856895,-71.447406,"1"
440090501022,50102,2,1290,41.5962391,-71.4853651,"1"
440090501031,50103,1,1535,41.6149011,-71.4478929,"1"
440090501032,50103,2,974,41.6043094,-71.4270981,"1"
440090501033,50103,3,1476,41.6098712,-71.4631751,"1"
440090501034,50103,4,1973,41.6212088,-71.4734145,"1"
440090501041,50104,1,3942,41.633639,-71.4345051,"1"
440090503011,50301,1,2100,41.587356,-71.5051542,"1"
440090503012,50301,2,2752,41.5691759,-71.4768323,"1"
440090503021,50302,1,1055,41.5647909,-71.4494544,"1"
440090503022,50302,2,830,41.5509468,-71.4544059,"1"
440090503023,50302,3,978,41.5743794,-71.4556547,"1"
440090504011,50401,1,1665,41.5512403,-71.5017425,"1"
440090504012,50401,2,3184,41.5123283,-71.4836275,"1"
440090504021,50402,1,1078,41.5119309,-71.4414289,"1"
440090504022,50402,2,1725,41.5421004,-71.4389285,"1"
440090505001,50500,1,2662,41.5289782,-71.5611289,"1"
440090505002,50500,2,1040,41.5756237,-71.7343626,"1"
440090505003,50500,3,2758,41.5826523,-71.5929171,"1"
440090506001,50600,1,1454,41.5339858,-71.678564,"1"
440090506002,50600,2,2541,41.5348957,-71.6372148,"1"
440090506003,50600,3,1891,41.4696705,-71.6964891,"1"
440090506004,50600,4,2134,41.473889,-71.63146,"1"
440090507011,50701,1,2185,41.5245186,-71.7169838,"1"
440090507012,50701,2,1042,41.4943207,-71.7617166,"1"
440090507013,50701,3,939,41.5163636,-71.7654693,"1"
440090507021,50702,1,982,41.4067589,-71.789068,"1"
440090507022,50702,2,1129,41.460831,-71.7409202,"1"
440090507023,50702,3,962,41.4379187,-71.7816465,"1"
440090507024,50702,4,1159,41.4279772,-71.7511022,"1"
440090508011,50801,1,1496,41.3935235,-71.826386,"1"
440090508012,50801,2,1230,41.3798114,-71.8193333,"1"
440090508013,50801,3,1102,41.3719531,-71.826001,"1"
440090508014,50801,4,1263,41.3785626,-71.8282871,"1"
440090508015,50801,5,1022,41.3867136,-71.8311283,"1"
440090508021,50802,1,1645,41.366285,-71.8276871,"1"
440090508022,50802,2,2103,41.3535155,-71.8242858,"1"
440090509011,50901,1,1609,41.408958,-71.8210076,"1"
440090509012,50901,2,2831,41.3668407,-71.7922643,"1"
440090509013,50901,3,1815,41.3887742,-71.7959582,"1"
440090509021,50902,1,1457,41.3889965,-71.7644155,"1"
440090509022,50902,2,1808,41.370503,-71.7502443,"1"
440090509023,50902,3,2307,41.3428032,-71.8005077,"1"
440090510001,51000,1,867,41.3224298,-71.8351438,"1"
440090510002,51000,2,804,41.3351587,-71.7551136,"1"
440090511011,51101,1,1936,41.3850156,-71.7117849,"1"
440090511012,51101,2,1948,41.4219304,-71.663631,"1"
440090511013,51101,3,792,41.3463124,-71.6834299,"1"
440090511021,51102,1,2151,41.4189594,-71.6207167,"1"
440090511022,51102,2,1170,41.3728172,-71.6300177,"1"
440090512011,51201,1,1672,41.4577733,-71.4946512,"1"
440090512012,51201,2,2902,41.4484806,-71.5151201,"1"
440090512021,51202,1,1315,41.433684,-71.4962152,"1"
440090512022,51202,2,901,41.4408376,-71.505846,"1"
440090512023,51202,3,979,41.4435119,-71.4972763,"1"
440090512024,51202,4,1350,41.4517459,-71.4804798,"1"
440090513021,51302,1,1090,41.3862698,-71.550211,"1"
440090513022,51302,2,1456,41.4081599,-71.5141608,"1"
440090513023,51302,3,1482,41.3787904,-71.5978562,"1"
440090513041,51304,1,2185,41.4144897,-71.5660799,"1"
440090513051,51305,1,831,41.4851142,-71.4709477,"1"
440090513052,51305,2,980,41.4668035,-71.459129,"1"
440090513053,51305,3,2123,41.4814794,-71.5031703,"1"
440090513061,51306,1,2372,41.4716066,-71.58475,"1"
440090513062,51306,2,984,41.4470873,-71.5408878,"1"
440090513063,51306,3,2814,41.4695012,-71.5320828,"1"
440090514001,51400,1,6495,41.4921949,-71.5273227,"1"
440090515021,51502,1,1242,41.4891122,-71.4253823,"1"
440090515022,51502,2,678,41.4569434,-71.4316449,"1"
440090515023,51502,3,1346,41.4635545,-71.442952,"1"
440090515024,51502,4,1854,41.4834307,-71.4408513,"1"
440090515025,51502,5,1596,41.4985438,-71.4419861,"1"
440090515031,51503,1,909,41.4396628,-71.4613029,"1"
440090515032,51503,2,1239,41.428578,-71.4618249,"1"
440090515033,51503,3,1769,41.4124053,-71.4692135,"1"
440090515041,51504,1,938,41.3720639,-71.4978501,"1"
440090515042,51504,2,1081,41.3826993,-71.4780723,"1"
440090515043,51504,3,794,41.3904184,-71.4983265,"1"
440090515044,51504,4,1086,41.4137208,-71.4867907,"1"
