"GEOCODE","TRACT","BLKGRP","POP100","INTPTLAT","INTPTLON","CLUSTER"
540019655001,965500,1,622,39.2174222,-80.0950819,"2"
540019655002,965500,2,839,39.1678417,-80.1592185,"2"
540019655003,965500,3,1121,39.0841066,-80.1262318,"2"
540019655004,965500,4,1081,39.0099306,-80.009871,"2"
540019656001,965600,1,900,39.1487199,-80.0886855,"2"
540019656002,965600,2,644,39.1457518,-80.0195908,"2"
540019656003,965600,3,636,39.1290945,-80.0344457,"2"
540019656004,965600,4,1228,39.1694252,-80.0350927,"2"
540019657001,965700,1,1236,39.2028647,-79.9870202,"2"
540019657002,965700,2,911,39.2216518,-79.8997561,"2"
540019657003,965700,3,1292,39.1095298,-79.8872396,"2"
540019657004,965700,4,1463,39.1136962,-80.0065714,"2"
540019658001,965800,1,1007,39.0338579,-79.9542896,"2"
540019658002,965800,2,681,38.996936,-79.9590377,"2"
540019658003,965800,3,818,39.0433481,-79.8967069,"2"
540019658004,965800,4,986,38.983317,-79.9323709,"2"
540039711011,971101,1,1210,39.5395368,-77.8875431,"2"
540039711012,971101,2,1079,39.57549,-77.8456732,"2"
540039711013,971101,3,2457,39.5720199,-77.8707111,"2"
540039711014,971101,4,2216,39.5324556,-77.9099781,"2"
540039711031,971103,1,1973,39.5944447,-77.85158,"2"
540039711041,971104,1,1601,39.5921888,-77.8832405,"2"
540039711042,971104,2,2264,39.5800273,-77.9110676,"2"
540039711051,971105,1,2219,39.5560667,-77.9325536,"2"
540039711052,971105,2,2002,39.5420275,-77.9304888,"2"
540039712031,971203,1,1460,39.589893,-78.0287542,"2"
540039712032,971203,2,2008,39.5283985,-78.0598205,"2"
540039712041,971204,1,1494,39.5672338,-78.1104115,"2"
540039712042,971204,2,1604,39.5353465,-78.1039373,"2"
540039712051,971205,1,1883,39.5721039,-77.9651758,"2"
540039712052,971205,2,2636,39.5522038,-78.0061252,"2"
540039712061,971206,1,2199,39.5022677,-77.9922344,"2"
540039712062,971206,2,2991,39.5247888,-77.9858852,"2"
540039712063,971206,3,1036,39.4949991,-77.9720874,"2"
540039712064,971206,4,1542,39.4771832,-78.0245747,"2"
540039713011,971301,1,1188,39.4832832,-77.9722441,"2"
540039713012,971301,2,1388,39.4822318,-77.9630256,"2"
540039713013,971301,3,2167,39.4918548,-77.9500677,"2"
540039713014,971301,4,1141,39.517333,-77.94958,"2"
540039713021,971302,1,1186,39.5098306,-77.9137256,"2"
540039713022,971302,2,1452,39.4929895,-77.9390964,"2"
540039713023,971302,3,1865,39.4851661,-77.9253767,"2"
540039714011,971401,1,1751,39.4922035,-77.8637653,"2"
540039714012,971401,2,2137,39.4501898,-77.8899076,"2"
540039714021,971402,1,2334,39.4766272,-77.9457267,"2"
540039714022,971402,2,2333,39.4579135,-77.9333309,"2"
540039714023,971402,3,1427,39.4696201,-77.9359314,"2"
540039715001,971500,1,967,39.4673795,-77.9522922,"2"
540039715002,971500,2,1098,39.4596986,-77.9520209,"2"
540039715003,971500,3,708,39.4566248,-77.9581022,"2"
540039715004,971500,4,1035,39.4486538,-77.9624737,"2"
540039716001,971600,1,807,39.4678356,-77.9606474,"2"
540039716002,971600,2,1517,39.4698227,-77.9764063,"2"
540039716003,971600,3,1048,39.4659097,-77.9831668,"2"
540039716004,971600,4,871,39.4596799,-77.9714289,"2"
540039716005,971600,5,592,39.4585936,-77.9658481,"2"
540039717001,971700,1,641,39.4510944,-77.968223,"2"
540039717002,971700,2,678,39.4546049,-77.9722427,"2"
540039717003,971700,3,862,39.4585767,-77.9783437,"2"
540039717004,971700,4,1296,39.4541823,-77.9846654,"2"
540039717005,971700,5,811,39.4508163,-77.974295,"2"
540039717006,971700,6,629,39.446634,-77.9795741,"2"
540039717007,971700,7,583,39.4435303,-77.9754982,"2"
540039718011,971801,1,2259,39.3622787,-78.1039446,"2"
540039718012,971801,2,1961,39.3847295,-78.1378676,"2"
540039718021,971802,1,1732,39.4105919,-78.1764132,"2"
540039718022,971802,2,1529,39.4362268,-78.0571121,"2"
540039718023,971802,3,1159,39.4788857,-78.1426735,"2"
540039719011,971901,1,1939,39.3851332,-77.9959782,"2"
540039719012,971901,2,1712,39.4121984,-78.0034725,"2"
540039719013,971901,3,781,39.4336235,-77.9784999,"2"
540039719014,971901,4,1726,39.3802722,-78.0110181,"2"
540039719021,971902,1,1869,39.4474203,-77.9999399,"2"
540039719022,971902,2,1646,39.4107095,-78.0278907,"2"
540039719023,971902,3,1161,39.4452231,-78.0183459,"2"
540039720011,972001,1,1734,39.4321603,-77.926386,"2"
540039720012,972001,2,2156,39.4298967,-77.9106672,"2"
540039720013,972001,3,2049,39.4043501,-77.9250674,"2"
540039720021,972002,1,1978,39.4444767,-77.9568005,"2"
540039720022,972002,2,1836,39.4340871,-77.946762,"2"
540039720031,972003,1,2859,39.4045674,-77.9671648,"2"
540039720032,972003,2,1295,39.3758279,-77.9617608,"2"
540039721011,972101,1,2290,39.3218541,-78.0463041,"2"
540039721012,972101,2,2606,39.293527,-78.0435074,"2"
540039721013,972101,3,515,39.318006,-78.087341,"2"
540039721014,972101,4,730,39.3444003,-78.0783679,"2"
540039721031,972103,1,2062,39.3316619,-78.0255784,"2"
540039721032,972103,2,2116,39.3461686,-78.0485519,"2"
540039721041,972104,1,1917,39.3452007,-78.0108765,"2"
540039721042,972104,2,1202,39.3289049,-78.0025816,"2"
540039721043,972104,3,1109,39.3533359,-77.9929052,"2"
540039721051,972105,1,2332,39.35992,-78.0188586,"2"
540039721052,972105,2,1430,39.3727969,-78.0591633,"2"
540059582001,958200,1,1861,38.1729351,-81.7869753,"1"
540059582002,958200,2,811,38.1205765,-81.713325,"1"
540059582003,958200,3,1015,38.2023054,-81.684573,"1"
540059583001,958300,1,911,38.0228015,-81.9124758,"1"
540059583002,958300,2,842,37.985476,-81.856468,"1"
540059583003,958300,3,625,37.9554082,-81.8460422,"1"
540059583004,958300,4,1403,38.1048163,-81.8860243,"1"
540059584001,958400,1,2046,38.0390073,-81.8530944,"1"
540059585011,958501,1,1182,38.0866021,-81.6757724,"1"
540059585012,958501,2,1484,37.9864666,-81.5970034,"1"
540059585021,958502,1,2407,38.0228143,-81.7135382,"1"
540059585022,958502,2,939,38.0599708,-81.8189493,"1"
540059586001,958600,1,430,38.0254889,-81.5257353,"1"
540059586002,958600,2,1431,38.1152864,-81.5582581,"1"
540059587001,958700,1,1546,37.8676689,-81.6770805,"1"
540059588001,958800,1,1891,37.9814826,-81.7648234,"1"
540059588002,958800,2,985,37.9957843,-81.8512648,"1"
540079679001,967900,1,975,38.8546279,-80.6314673,"2"
540079679002,967900,2,932,38.7765825,-80.7288738,"2"
540079679003,967900,3,1650,38.7458449,-80.6532089,"2"
540079679004,967900,4,1271,38.7374826,-80.5367266,"2"
540079680001,968000,1,713,38.7446724,-80.861327,"2"
540079680002,968000,2,1168,38.6697136,-80.9183867,"2"
540079680003,968000,3,699,38.6346458,-80.7706872,"2"
540079680004,968000,4,1208,38.7202444,-80.7521311,"2"
540079681001,968100,1,773,38.6726438,-80.6775855,"2"
540079681002,968100,2,453,38.6611041,-80.7090515,"2"
540079681003,968100,3,728,38.5988044,-80.7431339,"2"
540079681004,968100,4,1246,38.6061137,-80.6556404,"2"
540079681005,968100,5,631,38.5728955,-80.8840544,"2"
540090311021,31102,1,938,40.3123161,-80.5397589,"2"
540090311022,31102,2,563,40.3187313,-80.5740147,"2"
540090311023,31102,3,2787,40.3447354,-80.5815222,"2"
540090311031,31103,1,1563,40.3897094,-80.61168,"2"
540090311032,31103,2,1015,40.3962439,-80.5910697,"2"
540090311041,31104,1,1255,40.3867061,-80.5454018,"2"
540090311042,31104,2,1144,40.3694644,-80.5642124,"2"
540090312001,31200,1,878,40.3368212,-80.6040689,"2"
540090312002,31200,2,2338,40.3130518,-80.5895328,"2"
540090314011,31401,1,1180,40.2872158,-80.6112638,"2"
540090314012,31401,2,808,40.2726822,-80.6134052,"2"
540090314021,31402,1,1270,40.2745256,-80.6008508,"2"
540090314022,31402,2,993,40.2872143,-80.5890771,"2"
540090316001,31600,1,698,40.2511913,-80.5470573,"2"
540090316002,31600,2,992,40.1923934,-80.5404697,"2"
540090316003,31600,3,851,40.259827,-80.5800286,"2"
540090316004,31600,4,962,40.2857415,-80.535283,"2"
540090317001,31700,1,832,40.2441125,-80.6298777,"2"
540090317002,31700,2,629,40.1920491,-80.6380647,"2"
540090317003,31700,3,863,40.2023386,-80.6127728,"2"
540110001011,101,1,713,38.4174591,-82.3523866,"1"
540110001012,101,2,904,38.4157259,-82.3721601,"1"
540110001021,102,1,821,38.40556,-82.3705472,"1"
540110001022,102,2,1154,38.4066057,-82.3808532,"1"
540110002001,200,1,750,38.4311224,-82.3772119,"1"
540110002002,200,2,1108,38.4269451,-82.3523775,"1"
540110002003,200,3,851,38.429172,-82.3870059,"1"
540110003001,300,1,1365,38.4323964,-82.4011475,"1"
540110003002,300,2,1120,38.4321552,-82.4093729,"1"
540110004001,400,1,1234,38.427151,-82.3968678,"1"
540110004002,400,2,1074,38.4238558,-82.4116959,"1"
540110005001,500,1,2936,38.4223736,-82.427019,"1"
540110006001,600,1,628,38.4195066,-82.4345349,"1"
540110006002,600,2,606,38.4238306,-82.4423846,"1"
540110009001,900,1,839,38.4160358,-82.4765346,"1"
540110009002,900,2,670,38.41925,-82.4626829,"1"
540110010001,1000,1,693,38.4048381,-82.4860081,"1"
540110010002,1000,2,594,38.4083584,-82.4875628,"1"
540110010003,1000,3,796,38.4104419,-82.4936995,"1"
540110011001,1100,1,741,38.4124446,-82.4638811,"1"
540110011002,1100,2,1147,38.409326,-82.4753808,"1"
540110012001,1200,1,782,38.4115984,-82.4489272,"1"
540110012002,1200,2,766,38.4102216,-82.4540703,"1"
540110012003,1200,3,1058,38.4088838,-82.4594567,"1"
540110013001,1300,1,836,38.4126765,-82.4380129,"1"
540110013002,1300,2,1024,38.4097858,-82.4452677,"1"
540110013003,1300,3,853,38.4121731,-82.4414991,"1"
540110014001,1400,1,632,38.4171924,-82.4256195,"1"
540110014002,1400,2,764,38.4146271,-82.4331221,"1"
540110014003,1400,3,956,38.408714,-82.431338,"1"
540110015001,1500,1,1367,38.4088127,-82.4203613,"1"
540110015002,1500,2,717,38.4136236,-82.4247524,"1"
540110016001,1600,1,1084,38.4159581,-82.4162541,"1"
540110018001,1800,1,511,38.4187036,-82.3980346,"1"
540110018002,1800,2,665,38.4122547,-82.3990674,"1"
540110018003,1800,3,715,38.4108759,-82.403513,"1"
540110018004,1800,4,712,38.4106772,-82.408753,"1"
540110018005,1800,5,841,38.4166774,-82.4088962,"1"
540110019001,1900,1,596,38.4074512,-82.3867455,"1"
540110019002,1900,2,954,38.4056911,-82.3913962,"1"
540110019003,1900,3,603,38.4059553,-82.3987588,"1"
540110020001,2000,1,906,38.4044234,-82.4169553,"1"
540110020002,2000,2,2367,38.4007231,-82.4102884,"1"
540110021001,2100,1,1176,38.3919124,-82.4716119,"1"
540110021002,2100,2,1122,38.3994901,-82.4479063,"1"
540110021003,2100,3,954,38.398568,-82.428546,"1"
540110101031,10103,1,1285,38.3757737,-82.3144073,"1"
540110101032,10103,2,1599,38.3432572,-82.3504471,"1"
540110101041,10104,1,828,38.3587428,-82.3953418,"1"
540110101042,10104,2,828,38.3819542,-82.4412801,"1"
540110101043,10104,3,1278,38.3909447,-82.3790086,"1"
540110102021,10202,1,1049,38.410826,-82.3413392,"1"
540110102022,10202,2,1625,38.3979986,-82.3165546,"1"
540110102023,10202,3,1593,38.3983256,-82.3436292,"1"
540110102031,10203,1,1676,38.4203488,-82.3036226,"1"
540110102032,10203,2,1872,38.4196052,-82.315537,"1"
540110102033,10203,3,565,38.4259467,-82.3070351,"1"
540110102041,10204,1,1147,38.4157929,-82.3248835,"1"
540110102042,10204,2,473,38.4152634,-82.3383827,"1"
540110103001,10300,1,553,38.4541457,-82.3143177,"1"
540110103002,10300,2,599,38.5136146,-82.2994508,"1"
540110103003,10300,3,1016,38.4359188,-82.267781,"1"
540110103004,10300,4,876,38.4347235,-82.3144159,"1"
540110104011,10401,1,740,38.4116765,-82.289567,"1"
540110104012,10401,2,2037,38.4195778,-82.2433966,"1"
540110104013,10401,3,595,38.4048543,-82.2669917,"1"
540110104021,10402,1,1476,38.3985624,-82.3060603,"1"
540110104022,10402,2,769,38.4046122,-82.29441,"1"
540110104023,10402,3,924,38.3899476,-82.2637306,"1"
540110105001,10500,1,1352,38.2851483,-82.2572579,"1"
540110105002,10500,2,1368,38.3478597,-82.2301211,"1"
540110105003,10500,3,1172,38.3611896,-82.1889193,"1"
540110105004,10500,4,1736,38.3669895,-82.2675915,"1"
540110106001,10600,1,964,38.3662627,-82.115284,"1"
540110106002,10600,2,854,38.4081013,-82.1275245,"1"
540110106003,10600,3,1247,38.4088864,-82.1998407,"1"
540110106004,10600,4,1158,38.4284242,-82.212158,"1"
540110107011,10701,1,1101,38.4951516,-82.2063337,"1"
540110107012,10701,2,817,38.5311483,-82.1952289,"1"
540110107013,10701,3,1209,38.5529991,-82.2407022,"1"
540110107021,10702,1,2290,38.4358167,-82.2062979,"1"
540110107022,10702,2,1797,38.4663057,-82.2010843,"1"
540110108011,10801,1,1478,38.4163969,-82.0634161,"1"
540110108012,10801,2,678,38.4625431,-82.0967455,"1"
540110108021,10802,1,1789,38.4221128,-82.1078326,"1"
540110108022,10802,2,935,38.4369903,-82.1245518,"1"
540110108023,10802,3,1497,38.4341137,-82.1439264,"1"
540110109001,10900,1,787,38.420584,-82.44724,"1"
540110109002,10900,2,1013,38.4168682,-82.4473221,"1"
540139626001,962600,1,990,38.9536564,-81.0502574,"2"
540139626002,962600,2,631,38.9803085,-81.1435264,"2"
540139626003,962600,3,1388,38.9335772,-81.1687065,"2"
540139627001,962700,1,734,38.8489899,-81.122016,"2"
540139627002,962700,2,1088,38.808318,-81.1333429,"1"
540139627003,962700,3,1398,38.6980566,-81.071505,"1"
540159579001,957900,1,1756,38.5661623,-80.9888321,"1"
540159579002,957900,2,1439,38.5284928,-81.1434843,"1"
540159580001,958000,1,1330,38.4569443,-81.2004466,"1"
540159580002,958000,2,1578,38.4257574,-81.0031543,"1"
540159581001,958100,1,697,38.3570196,-81.2008822,"1"
540159581002,958100,2,732,38.3320786,-81.1612522,"1"
540159581003,958100,3,519,38.403295,-81.1032477,"1"
540179650001,965000,1,879,39.3987554,-80.5959767,"2"
540179650002,965000,2,1005,39.3413362,-80.6594851,"2"
540179650003,965000,3,1234,39.2392165,-80.5950752,"2"
540179650004,965000,4,920,39.1774672,-80.723034,"2"
540179651001,965100,1,890,39.2345195,-80.7954174,"2"
540179651002,965100,2,1353,39.3006925,-80.8340211,"2"
540179651003,965100,3,892,39.3021054,-80.7658831,"2"
540179651004,965100,4,635,39.3404777,-80.7441154,"2"
540190201011,20101,1,928,37.9904054,-81.0681821,"1"
540190201012,20101,2,1764,38.0314928,-81.062074,"1"
540190201013,20101,3,1453,38.0360756,-81.1057844,"1"
540190201021,20102,1,1627,38.0792487,-81.146353,"1"
540190202011,20201,1,1126,38.0006782,-81.1151371,"1"
540190202012,20201,2,1568,37.9873861,-81.1239733,"1"
540190202013,20201,3,1119,37.9669326,-81.0994036,"1"
540190202021,20202,1,1366,38.0096579,-81.1589951,"1"
540190202022,20202,2,700,37.9980793,-81.1482095,"1"
540190202023,20202,3,1586,37.9960235,-81.1344653,"1"
540190203001,20300,1,659,37.9893638,-81.1598196,"1"
540190203002,20300,2,1106,37.9818235,-81.1501775,"1"
540190203003,20300,3,968,37.974645,-81.1484314,"1"
540190204001,20400,1,1253,37.965872,-81.1796879,"1"
540190204002,20400,2,913,37.9285864,-81.2124416,"1"
540190204003,20400,3,841,37.906679,-81.1326853,"1"
540190204004,20400,4,866,37.9221933,-81.0910238,"1"
540190205001,20500,1,580,37.9026624,-81.1653181,"1"
540190205002,20500,2,1026,37.8886631,-81.1598387,"1"
540190206001,20600,1,641,37.9600921,-81.2896382,"1"
540190206002,20600,2,1141,37.9920269,-81.273813,"1"
540190207001,20700,1,917,38.0704566,-81.2998468,"1"
540190207002,20700,2,912,38.0845217,-81.2186885,"1"
540190207003,20700,3,1338,38.1545973,-81.3148843,"1"
540190208001,20800,1,1598,38.2171888,-81.2380128,"1"
540190208002,20800,2,1496,38.1811052,-81.2240743,"1"
540190208003,20800,3,1335,38.1658108,-81.2974841,"1"
540190209001,20900,1,1174,38.1819933,-81.1226758,"1"
540190209002,20900,2,1067,38.1714863,-81.0608646,"1"
540190209003,20900,3,878,38.1625429,-80.9835965,"1"
540190209004,20900,4,949,38.1134628,-81.0561776,"1"
540190210001,21000,1,2034,38.0080306,-80.9038846,"1"
540190210002,21000,2,793,38.0939778,-80.954308,"1"
540190211001,21100,1,677,37.9204851,-80.9963928,"1"
540190211002,21100,2,1126,37.8679892,-80.9392512,"1"
540190211003,21100,3,963,37.8997925,-80.8237274,"1"
540219677011,967701,1,679,38.9814214,-80.9390526,"2"
540219677012,967701,2,717,39.028103,-80.8114524,"2"
540219677013,967701,3,731,38.8740568,-80.8645073,"2"
540219677014,967701,4,702,38.9527349,-80.701053,"2"
540219677015,967701,5,554,38.8954925,-80.7589029,"2"
540219677016,967701,6,709,38.8083424,-80.9604026,"2"
540219678001,967800,1,549,38.9569447,-80.8560354,"2"
540219678002,967800,2,788,38.944889,-80.7929785,"2"
540219678003,967800,3,539,38.9375444,-80.8642489,"2"
540219800001,980000,1,1440,38.9155155,-80.7844458,"2"
540239694001,969400,1,1026,39.2027883,-79.0752845,"2"
540239694002,969400,2,743,39.2773312,-79.2245679,"2"
540239694003,969400,3,574,39.2428893,-79.3649575,"2"
540239694004,969400,4,643,39.0926137,-79.2673097,"2"
540239695001,969500,1,1711,39.1021487,-79.1569578,"2"
540239695002,969500,2,1960,38.9750087,-79.2207174,"2"
540239696001,969600,1,876,38.9993327,-79.1211361,"2"
540239696002,969600,2,1181,39.0010128,-79.1363163,"2"
540239696003,969600,3,828,38.9780231,-79.1515726,"2"
540239696004,969600,4,1434,38.9069899,-79.1270028,"2"
540259501011,950101,1,959,37.8046697,-80.2967386,"2"
540259501012,950101,2,747,37.7951012,-80.2939524,"2"
540259501021,950102,1,487,37.7784162,-80.2620416,"2"
540259501022,950102,2,399,38.0011689,-80.0385639,"2"
540259501023,950102,3,1011,37.9503291,-80.2353336,"2"
540259501024,950102,4,1035,37.8705197,-80.2010844,"2"
540259502001,950200,1,683,38.1093164,-80.4391124,"2"
540259502002,950200,2,695,38.0354123,-80.6519673,"2"
540259502003,950200,3,762,38.0589539,-80.6801158,"1"
540259502004,950200,4,759,37.9626172,-80.6900698,"1"
540259502005,950200,5,580,38.0028673,-80.5595425,"2"
540259503001,950300,1,706,38.0491137,-80.7884403,"1"
540259503002,950300,2,697,37.9548124,-80.7977099,"1"
540259503003,950300,3,1180,37.9644233,-80.7670214,"1"
540259503004,950300,4,992,37.9164119,-80.7317156,"1"
540259504011,950401,1,1796,37.9244177,-80.4505897,"2"
540259504012,950401,2,1331,37.9181206,-80.6043328,"1"
540259504021,950402,1,1272,37.8853896,-80.3877229,"2"
540259504022,950402,2,1916,37.8321688,-80.3773814,"2"
540259504023,950402,3,1163,37.8554025,-80.4515537,"2"
540259505001,950500,1,984,37.8298343,-80.6701214,"1"
540259505002,950500,2,1260,37.8033455,-80.5661826,"1"
540259505003,950500,3,888,37.7317308,-80.6467777,"1"
540259506001,950600,1,933,37.8009178,-80.486941,"2"
540259506002,950600,2,1988,37.7929518,-80.4208522,"2"
540259506003,950600,3,711,37.7996675,-80.4427673,"2"
540259506004,950600,4,1174,37.7841734,-80.4647284,"2"
540259507011,950701,1,803,37.7831112,-80.5177556,"1"
540259507012,950701,2,1517,37.7668208,-80.4535833,"2"
540259507013,950701,3,1104,37.7500624,-80.4988388,"1"
540259507014,950701,4,537,37.7339458,-80.5721857,"1"
540259507021,950702,1,1286,37.7435814,-80.3395882,"2"
540259507022,950702,2,622,37.728112,-80.4744616,"2"
540279682011,968201,1,731,39.4006252,-78.4951981,"2"
540279682012,968201,2,832,39.4502272,-78.5276089,"2"
540279682013,968201,3,829,39.4368778,-78.4169314,"2"
540279682021,968202,1,845,39.3215093,-78.3743483,"2"
540279682022,968202,2,1312,39.3223074,-78.5623758,"2"
540279682023,968202,3,728,39.3699369,-78.449442,"2"
540279683011,968301,1,1391,39.3565681,-78.6532628,"2"
540279683012,968301,2,1386,39.3520282,-78.6088435,"2"
540279683021,968302,1,811,39.3963192,-78.7036774,"2"
540279683022,968302,2,539,39.5066814,-78.5469013,"2"
540279683023,968302,3,551,39.4033269,-78.5869081,"2"
540279683024,968302,4,638,39.4969064,-78.6304268,"2"
540279684011,968401,1,1360,39.3431275,-78.7699251,"2"
540279684012,968401,2,1006,39.2663762,-78.8789657,"2"
540279684021,968402,1,675,39.4730373,-78.6991754,"2"
540279684022,968402,2,897,39.3682946,-78.7671421,"2"
540279685001,968500,1,742,39.3206629,-78.7679334,"2"
540279685002,968500,2,1111,39.2850841,-78.6718655,"2"
540279685003,968500,3,697,39.2111151,-78.7295833,"2"
540279685004,968500,4,829,39.2371486,-78.7979154,"2"
540279686011,968601,1,915,39.2740676,-78.5825478,"2"
540279686012,968601,2,573,39.1885921,-78.6556498,"2"
540279686013,968601,3,436,39.2322431,-78.6471832,"2"
540279686021,968602,1,1007,39.1859637,-78.5703233,"2"
540279686022,968602,2,970,39.1652875,-78.4772679,"2"
540279686023,968602,3,1282,39.285401,-78.4460654,"2"
540290206001,20600,1,1541,40.4249231,-80.5584366,"2"
540290206002,20600,2,1239,40.4207502,-80.5406325,"2"
540290206003,20600,3,1481,40.4154031,-80.5278801,"2"
540290207001,20700,1,996,40.4134001,-80.5709279,"2"
540290207002,20700,2,1030,40.4126931,-80.5628819,"2"
540290207003,20700,3,1447,40.4055901,-80.5474948,"2"
540290207004,20700,4,866,40.4029186,-80.5250491,"2"
540290209001,20900,1,1378,40.6082652,-80.6207851,"2"
540290209002,20900,2,709,40.5562256,-80.5924016,"2"
540290209003,20900,3,590,40.5741656,-80.638592,"2"
540290211001,21100,1,924,40.4907473,-80.5395818,"2"
540290211002,21100,2,671,40.4495282,-80.5907809,"2"
540290211003,21100,3,1171,40.4505237,-80.5437304,"2"
540290211004,21100,4,993,40.5468728,-80.5389429,"2"
540290212001,21200,1,573,40.5315963,-80.6067377,"2"
540290212002,21200,2,1163,40.4955814,-80.5966031,"2"
540290212003,21200,3,830,40.5202397,-80.589194,"2"
540290212004,21200,4,690,40.4843342,-80.5625827,"2"
540290213001,21300,1,1631,40.4068956,-80.602825,"2"
540290213002,21300,2,1602,40.4014306,-80.5816871,"2"
540290214001,21400,1,2,40.419556,-80.6038563,"2"
540290214002,21400,2,1006,40.4263391,-80.5906552,"2"
540290214003,21400,3,1084,40.412021,-80.5791776,"2"
540290214004,21400,4,1347,40.4300481,-80.5786439,"2"
540290215001,21500,1,1450,40.6202877,-80.5511679,"2"
540290215002,21500,2,1157,40.6122695,-80.5699215,"2"
540290215003,21500,3,1524,40.596997,-80.5651927,"2"
540319701011,970101,1,1514,39.0192698,-78.6009026,"2"
540319701012,970101,2,1194,39.0819552,-78.6730815,"2"
540319701021,970102,1,975,39.1671768,-78.9763608,"2"
540319701022,970102,2,1144,39.1342694,-78.8599612,"2"
540319702011,970201,1,934,39.0708901,-78.9658719,"2"
540319702012,970201,2,1736,39.0390255,-78.9346043,"2"
540319702021,970202,1,705,38.994765,-78.8034043,"2"
540319702022,970202,2,990,38.9182263,-78.8565935,"2"
540319702023,970202,3,840,39.0519055,-78.8808905,"2"
540319703001,970300,1,1289,39.0545483,-79.0258922,"2"
540319703002,970300,2,829,39.0847589,-78.9879686,"2"
540319703003,970300,3,1270,38.8628904,-79.018036,"2"
540319703004,970300,4,879,38.8436308,-78.8942986,"2"
540330301001,30100,1,684,39.2736923,-80.350947,"2"
540330301002,30100,2,1079,39.2763566,-80.3435136,"2"
540330301003,30100,3,883,39.28495,-80.3523366,"2"
540330301004,30100,4,516,39.2826643,-80.3412944,"2"
540330302001,30200,1,1159,39.2927128,-80.3464704,"2"
540330302002,30200,2,1543,39.3002417,-80.3413453,"2"
540330303001,30300,1,804,39.2812219,-80.3308446,"2"
540330303002,30300,2,613,39.2886145,-80.3264617,"2"
540330303003,30300,3,618,39.2834557,-80.3066669,"2"
540330304001,30400,1,1260,39.2738542,-80.3253952,"2"
540330304002,30400,2,835,39.2764917,-80.3312869,"2"
540330304003,30400,3,888,39.2692055,-80.3376808,"2"
540330305011,30501,1,1293,39.2127134,-80.3697815,"2"
540330305021,30502,1,802,39.2664036,-80.3242033,"2"
540330305022,30502,2,735,39.261241,-80.3194049,"2"
540330305023,30502,3,1804,39.2331464,-80.3332502,"2"
540330306011,30601,1,1163,39.2869476,-80.3633497,"2"
540330306012,30601,2,1171,39.2992333,-80.3841133,"2"
540330306031,30603,1,2001,39.2565144,-80.4010582,"2"
540330306041,30604,1,1627,39.2743206,-80.3956249,"2"
540330306042,30604,2,885,39.2800217,-80.3571651,"2"
540330306043,30604,3,1033,39.2742132,-80.3567775,"2"
540330307001,30700,1,1474,39.2820846,-80.4562418,"2"
540330307002,30700,2,684,39.3088835,-80.4180098,"2"
540330308011,30801,1,2112,39.3195502,-80.3071983,"2"
540330308021,30802,1,1034,39.4024703,-80.3932408,"2"
540330308022,30802,2,1248,39.3418956,-80.3805428,"2"
540330310001,31000,1,594,39.2695972,-80.3163297,"2"
540330310002,31000,2,598,39.270068,-80.3041977,"2"
540330310003,31000,3,1317,39.2530194,-80.305497,"2"
540330310004,31000,4,715,39.2480798,-80.3113827,"2"
540330311001,31100,1,936,39.2364675,-80.2191541,"2"
540330311002,31100,2,1385,39.258535,-80.2610429,"2"
540330312001,31200,1,1340,39.2041725,-80.255086,"2"
540330312002,31200,2,867,39.1459041,-80.2856287,"2"
540330313001,31300,1,1023,39.1482193,-80.3431964,"2"
540330313002,31300,2,1738,39.1792453,-80.4024437,"2"
540330314001,31400,1,747,39.2143687,-80.3973929,"2"
540330314002,31400,2,1505,39.2021855,-80.4921143,"2"
540330315001,31500,1,1270,39.3067138,-80.5093173,"2"
540330316001,31600,1,971,39.2927022,-80.5836458,"2"
540330316002,31600,2,749,39.2784211,-80.5669857,"2"
540330316003,31600,3,492,39.2730972,-80.5434859,"2"
540330317001,31700,1,799,39.4320472,-80.4479112,"2"
540330317002,31700,2,899,39.3883877,-80.4897313,"2"
540330318001,31800,1,615,39.4328278,-80.3736786,"2"
540330318002,31800,2,831,39.4079176,-80.2645228,"2"
540330318003,31800,3,729,39.4099048,-80.3099462,"2"
540330319001,31900,1,817,39.3988514,-80.2948509,"2"
540330319002,31900,2,854,39.393716,-80.2947589,"2"
540330319003,31900,3,664,39.3849538,-80.3050786,"2"
540330320001,32000,1,1228,39.3769281,-80.2410275,"2"
540330320002,32000,2,1534,39.342345,-80.2819423,"2"
540330321031,32103,1,984,39.3066859,-80.2660998,"2"
540330321032,32103,2,1978,39.3042841,-80.2551104,"2"
540330321033,32103,3,1310,39.2925917,-80.2672679,"2"
540330321034,32103,4,2210,39.2967532,-80.2453031,"2"
540330321041,32104,1,1234,39.3143707,-80.2229854,"2"
540330321042,32104,2,1538,39.2852254,-80.2208085,"2"
540330321043,32104,3,1502,39.2687533,-80.2282068,"2"
540359632001,963200,1,1036,39.0401643,-81.7200066,"1"
540359632002,963200,2,883,38.9523051,-81.5682139,"1"
540359632003,963200,3,1477,38.9349666,-81.6506443,"1"
540359632004,963200,4,755,38.8815519,-81.6627418,"1"
540359633001,963300,1,1554,38.9739281,-81.7514255,"1"
540359633002,963300,2,1161,38.9554395,-81.7586178,"1"
540359633003,963300,3,936,38.9528908,-81.7668763,"1"
540359633004,963300,4,1023,38.9532059,-81.7143501,"1"
540359634001,963400,1,1148,38.9152655,-81.7882101,"1"
540359634002,963400,2,1454,38.8816712,-81.804061,"1"
540359634003,963400,3,1200,38.8502852,-81.8448497,"1"
540359635001,963500,1,1121,38.8412974,-81.7493084,"1"
540359635002,963500,2,1729,38.7881314,-81.7795192,"1"
540359636001,963600,1,794,38.8362135,-81.7106942,"1"
540359636002,963600,2,755,38.7991325,-81.7198043,"1"
540359636003,963600,3,1338,38.8144982,-81.6966779,"1"
540359636004,963600,4,1642,38.844748,-81.6476567,"1"
540359637011,963701,1,1621,38.7088063,-81.7362876,"1"
540359637012,963701,2,747,38.5985686,-81.627945,"1"
540359637013,963701,3,1187,38.6533005,-81.6851343,"1"
540359637021,963702,1,1316,38.8066118,-81.5841683,"1"
540359637022,963702,2,1509,38.7506601,-81.6470659,"1"
540359637023,963702,3,1405,38.6455844,-81.5837545,"1"
540379722011,972201,1,1620,39.4219936,-77.8537156,"2"
540379722012,972201,2,1914,39.442497,-77.8152672,"2"
540379722013,972201,3,1635,39.4659929,-77.8133151,"2"
540379722031,972203,1,1580,39.4018803,-77.768729,"2"
540379722032,972203,2,908,39.378165,-77.8037234,"2"
540379722041,972204,1,1860,39.3967418,-77.8322891,"2"
540379722042,972204,2,578,39.4307722,-77.8120678,"2"
540379723001,972300,1,920,39.3817518,-77.8859043,"2"
540379723002,972300,2,2004,39.36713,-77.9101573,"2"
540379723003,972300,3,1645,39.3271839,-77.9379155,"2"
540379724011,972401,1,949,39.3047115,-77.8581737,"2"
540379724012,972401,2,1221,39.2968819,-77.8574362,"2"
540379724013,972401,3,548,39.295671,-77.8646662,"2"
540379724021,972402,1,1098,39.3041225,-77.8672398,"2"
540379724022,972402,2,905,39.3126154,-77.8527476,"2"
540379724023,972402,3,1227,39.3353765,-77.8439453,"2"
540379724024,972402,4,1231,39.324099,-77.8757748,"2"
540379725011,972501,1,1168,39.2877487,-77.886846,"2"
540379725012,972501,2,2291,39.2709943,-77.8899398,"2"
540379725013,972501,3,1854,39.2861824,-77.9113473,"2"
540379725031,972503,1,1929,39.3164428,-77.8301942,"2"
540379725032,972503,2,2120,39.3000267,-77.8267571,"2"
540379725051,972505,1,874,39.2930553,-77.8557514,"2"
540379725052,972505,2,758,39.2731346,-77.8621173,"2"
540379725053,972505,3,1073,39.2857684,-77.8531986,"2"
540379725061,972506,1,2340,39.2481183,-77.8374713,"2"
540379725062,972506,2,1791,39.2849014,-77.8334364,"2"
540379726011,972601,1,1406,39.3247205,-77.7463257,"2"
540379726012,972601,2,544,39.2885942,-77.7942122,"2"
540379726021,972602,1,1258,39.3558661,-77.7644662,"2"
540379726022,972602,2,1516,39.3225882,-77.8114064,"2"
540379726023,972602,3,1859,39.3309692,-77.782246,"2"
540379727011,972701,1,1221,39.291061,-77.7686188,"2"
540379727012,972701,2,604,39.2565042,-77.7996208,"2"
540379727013,972701,3,945,39.2820022,-77.7766518,"2"
540379727021,972702,1,1094,39.1656721,-77.8304137,"2"
540379727022,972702,2,1228,39.1948095,-77.8391284,"2"
540379727023,972702,3,1921,39.2361697,-77.7917541,"2"
540379728001,972800,1,1663,39.2147331,-77.8718583,"2"
540379728002,972800,2,1314,39.2824779,-77.991845,"2"
540379728003,972800,3,1486,39.2335366,-77.9421619,"2"
540379728004,972800,4,1601,39.2751945,-77.9375549,"2"
540390001001,100,1,1303,38.3742178,-81.6788763,"1"
540390002001,200,1,1443,38.393587,-81.6741652,"1"
540390002002,200,2,874,38.3847127,-81.7021347,"1"
540390003001,300,1,789,38.3962302,-81.641963,"1"
540390003002,300,2,573,38.3823776,-81.6438366,"1"
540390003003,300,3,564,38.3762415,-81.6209047,"1"
540390003004,300,4,647,38.3670217,-81.6184781,"1"
540390005001,500,1,1133,38.3715796,-81.6338541,"1"
540390005002,500,2,1019,38.3633668,-81.6329467,"1"
540390006001,600,1,1806,38.3703583,-81.6461847,"1"
540390006002,600,2,666,38.3714584,-81.6565919,"1"
540390006003,600,3,762,38.3733658,-81.6500503,"1"
540390006004,600,4,774,38.3763721,-81.6561188,"1"
540390007001,700,1,605,38.3671008,-81.6553079,"1"
540390007002,700,2,785,38.3625209,-81.6568487,"1"
540390007003,700,3,806,38.3676046,-81.6633046,"1"
540390008001,800,1,895,38.3617436,-81.6454612,"1"
540390008002,800,2,1048,38.3592853,-81.6503298,"1"
540390009001,900,1,1158,38.3514903,-81.6352653,"1"
540390011001,1100,1,1004,38.3573635,-81.5841292,"1"
540390011002,1100,2,752,38.3597136,-81.6045659,"1"
540390011003,1100,3,1154,38.3504519,-81.6163253,"1"
540390011004,1100,4,670,38.3426983,-81.5990785,"1"
540390011005,1100,5,644,38.343353,-81.575724,"1"
540390011006,1100,6,481,38.3356262,-81.6082582,"1"
540390012001,1200,1,1595,38.3456835,-81.6200424,"1"
540390013001,1300,1,631,38.3417655,-81.6212911,"1"
540390013002,1300,2,597,38.3374758,-81.6174066,"1"
540390013003,1300,3,712,38.3437231,-81.6284891,"1"
540390013004,1300,4,557,38.3395214,-81.6239177,"1"
540390015001,1500,1,1230,38.3265427,-81.587911,"1"
540390015002,1500,2,628,38.3227392,-81.5775624,"1"
540390015003,1500,3,630,38.3175788,-81.5695547,"1"
540390015004,1500,4,975,38.3295429,-81.5992655,"1"
540390015005,1500,5,1115,38.3356345,-81.6216286,"1"
540390017001,1700,1,710,38.2783153,-81.5721167,"1"
540390017002,1700,2,898,38.3187081,-81.5800512,"1"
540390018001,1800,1,605,38.2955975,-81.5805922,"1"
540390018002,1800,2,966,38.306914,-81.6000054,"1"
540390018003,1800,3,1115,38.3106972,-81.6257265,"1"
540390019011,1901,1,1107,38.3343133,-81.6926607,"1"
540390019012,1901,2,808,38.3391764,-81.6743366,"1"
540390019013,1901,3,1757,38.3314003,-81.6726863,"1"
540390019021,1902,1,1206,38.3216062,-81.6625977,"1"
540390019022,1902,2,1060,38.3139785,-81.6537374,"1"
540390019023,1902,3,1400,38.3297508,-81.6342442,"1"
540390020001,2000,1,758,38.3421722,-81.6553025,"1"
540390020002,2000,2,678,38.3407633,-81.642236,"1"
540390020003,2000,3,822,38.3358413,-81.6491734,"1"
540390020004,2000,4,636,38.3468784,-81.6449949,"1"
540390021001,2100,1,1207,38.3450685,-81.6616982,"1"
540390021002,2100,2,1147,38.3481668,-81.6683847,"1"
540390021003,2100,3,1008,38.3531031,-81.6580583,"1"
540390021004,2100,4,1421,38.3559405,-81.6723609,"1"
540390101001,10100,1,980,38.3677616,-81.7216193,"1"
540390101002,10100,2,1389,38.3790636,-81.7312651,"1"
540390101003,10100,3,862,38.3771949,-81.7201335,"1"
540390101004,10100,4,591,38.3595191,-81.7309905,"1"
540390102001,10200,1,578,38.3583637,-81.7406504,"1"
540390102002,10200,2,807,38.363284,-81.7535285,"1"
540390102003,10200,3,741,38.3591322,-81.7467216,"1"
540390103001,10300,1,694,38.3695042,-81.7534594,"1"
540390103002,10300,2,905,38.3651561,-81.7464417,"1"
540390103003,10300,3,618,38.3627647,-81.7415667,"1"
540390104001,10400,1,1509,38.3831307,-81.7671022,"1"
540390105001,10500,1,922,38.3988282,-81.7616907,"1"
540390105002,10500,2,1608,38.4086689,-81.7435273,"1"
540390105003,10500,3,1837,38.4265218,-81.7790478,"1"
540390105004,10500,4,796,38.4291719,-81.7622882,"1"
540390106011,10601,1,614,38.4216536,-81.8407733,"1"
540390106012,10601,2,711,38.417576,-81.8473089,"1"
540390106013,10601,3,561,38.4139045,-81.8437768,"1"
540390106014,10601,4,978,38.4035635,-81.8439811,"1"
540390106021,10602,1,1450,38.4068999,-81.817693,"1"
540390106022,10602,2,966,38.3932219,-81.8272473,"1"
540390107011,10701,1,1994,38.4321393,-81.8009331,"1"
540390107012,10701,2,1083,38.4231471,-81.8052246,"1"
540390107013,10701,3,1954,38.4380244,-81.7850655,"1"
540390107021,10702,1,1404,38.4369549,-81.7588271,"1"
540390107022,10702,2,1174,38.4450067,-81.747256,"1"
540390107023,10702,3,1198,38.4163009,-81.7226814,"1"
540390107024,10702,4,879,38.4332935,-81.6983241,"1"
540390108021,10802,1,1106,38.4842931,-81.6008214,"1"
540390108022,10802,2,1826,38.5424547,-81.5569254,"1"
540390108031,10803,1,1554,38.5007202,-81.6631884,"1"
540390108032,10803,2,1280,38.475132,-81.6630666,"1"
540390108033,10803,3,1587,38.4791169,-81.6921118,"1"
540390108041,10804,1,1266,38.569502,-81.6918822,"1"
540390108042,10804,2,1017,38.5357432,-81.724942,"1"
540390109001,10900,1,1146,38.4273556,-81.6575161,"1"
540390109002,10900,2,979,38.4296744,-81.6004106,"1"
540390110001,11000,1,758,38.4152066,-81.5318083,"1"
540390110002,11000,2,1722,38.4047332,-81.6113878,"1"
540390110003,11000,3,720,38.3796228,-81.6014163,"1"
540390110004,11000,4,1253,38.405443,-81.5638528,"1"
540390111001,11100,1,1499,38.5297179,-81.4617772,"1"
540390111002,11100,2,800,38.4470194,-81.5451998,"1"
540390111003,11100,3,1948,38.4625019,-81.4668534,"1"
540390112001,11200,1,770,38.5284041,-81.3680309,"1"
540390112002,11200,2,1160,38.4474832,-81.3293222,"1"
540390112003,11200,3,901,38.5034595,-81.2813334,"1"
540390112004,11200,4,802,38.4944295,-81.3717716,"1"
540390113011,11301,1,1025,38.361882,-81.4221976,"1"
540390113012,11301,2,1743,38.3766635,-81.5456972,"1"
540390113021,11302,1,1138,38.4202183,-81.4120505,"1"
540390113022,11302,2,906,38.4319857,-81.4742319,"1"
540390113023,11302,3,1713,38.405085,-81.4608313,"1"
540390113024,11302,4,1570,38.4051731,-81.5012943,"1"
540390114011,11401,1,506,38.3529006,-81.5130223,"1"
540390114012,11401,2,2234,38.3415858,-81.542717,"1"
540390114021,11402,1,1178,38.27705,-81.5480788,"1"
540390114022,11402,2,694,38.246134,-81.4972577,"1"
540390114023,11402,3,1259,38.2832126,-81.4925567,"1"
540390115001,11500,1,788,38.2666448,-81.5648765,"1"
540390115002,11500,2,856,38.2971883,-81.5596105,"1"
540390115003,11500,3,1215,38.2764438,-81.5674142,"1"
540390115004,11500,4,1149,38.2288679,-81.5365661,"1"
540390118001,11800,1,468,38.3120739,-81.3775179,"1"
540390118002,11800,2,977,38.2088843,-81.4657259,"1"
540390118003,11800,3,592,38.2039818,-81.4173501,"1"
540390118004,11800,4,794,38.2269263,-81.4689929,"1"
540390118005,11800,5,1461,38.2349893,-81.2742431,"1"
540390121001,12100,1,848,38.0601558,-81.4051268,"1"
540390121002,12100,2,1501,38.1745528,-81.4398346,"1"
540390121003,12100,3,688,38.165711,-81.3520562,"1"
540390121004,12100,4,824,38.1806049,-81.3808615,"1"
540390122001,12200,1,1348,38.2261259,-81.539429,"1"
540390122002,12200,2,697,38.198524,-81.4827579,"1"
540390122003,12200,3,1251,38.1105303,-81.4884903,"1"
540390122004,12200,4,1056,38.1858263,-81.5429139,"1"
540390123011,12301,1,1874,38.2593304,-81.7073818,"1"
540390123012,12301,2,1247,38.3162332,-81.7153077,"1"
540390123013,12301,3,1362,38.2619609,-81.7848832,"1"
540390123021,12302,1,1270,38.2551881,-81.6273698,"1"
540390123022,12302,2,868,38.247935,-81.5662448,"1"
540390128001,12800,1,851,38.3629755,-81.6817953,"1"
540390128002,12800,2,878,38.3577593,-81.6899776,"1"
540390128003,12800,3,1009,38.3565007,-81.679363,"1"
540390128004,12800,4,1460,38.3493158,-81.6944558,"1"
540390129001,12900,1,678,38.3688583,-81.6894534,"1"
540390129002,12900,2,556,38.364756,-81.7071377,"1"
540390130011,13001,1,1387,38.3564512,-81.7155363,"1"
540390130012,13001,2,707,38.3578006,-81.72315,"1"
540390130021,13002,1,855,38.3467406,-81.7248527,"1"
540390130022,13002,2,1529,38.3338135,-81.7206409,"1"
540390131001,13100,1,1197,38.3310921,-81.7754025,"1"
540390131002,13100,2,1116,38.3540863,-81.7402885,"1"
540390131003,13100,3,1957,38.3370105,-81.7462484,"1"
540390132001,13200,1,724,38.3642594,-81.7930422,"1"
540390132002,13200,2,968,38.3559466,-81.7835069,"1"
540390132003,13200,3,1172,38.3108437,-81.7644958,"1"
540390132004,13200,4,630,38.3209,-81.8181707,"1"
540390133001,13300,1,948,38.3729858,-81.8165062,"1"
540390133002,13300,2,1595,38.3625016,-81.8074372,"1"
540390134001,13400,1,1243,38.3797762,-81.7927268,"1"
540390134002,13400,2,750,38.3780234,-81.8010964,"1"
540390135001,13500,1,928,38.3850754,-81.8157367,"1"
540390135002,13500,2,1173,38.3801178,-81.8138407,"1"
540390135003,13500,3,651,38.3845351,-81.8079839,"1"
540390136001,13600,1,1026,38.3883177,-81.832148,"1"
540390136002,13600,2,2142,38.359871,-81.8284805,"1"
540390136003,13600,3,898,38.3832235,-81.8263628,"1"
540390136004,13600,4,721,38.3791066,-81.8330192,"1"
540390137011,13701,1,816,38.3541883,-81.8549994,"1"
540390137012,13701,2,1292,38.3357764,-81.8978535,"1"
540390137021,13702,1,1197,38.376576,-81.8498342,"1"
540390137022,13702,2,632,38.3740843,-81.8678918,"1"
540390137023,13702,3,1302,38.3859003,-81.8860223,"1"
540390137024,13702,4,1359,38.3621938,-81.8785755,"1"
540390137025,13702,5,816,38.3693991,-81.8508113,"1"
540390138001,13800,1,580,38.4028322,-81.8495698,"1"
540390138002,13800,2,743,38.403595,-81.8548639,"1"
540390138003,13800,3,928,38.4070608,-81.8673204,"1"
540419672001,967200,1,922,39.0202747,-80.6555143,"2"
540419672002,967200,2,540,39.1071927,-80.622163,"2"
540419672003,967200,3,956,39.1245337,-80.5100592,"2"
540419672004,967200,4,1222,39.0728712,-80.5003403,"2"
540419673001,967300,1,1978,39.092479,-80.429314,"2"
540419673002,967300,2,1087,39.0574174,-80.3560091,"2"
540419673003,967300,3,1055,39.0228143,-80.3909883,"2"
540419674001,967400,1,1272,39.0681409,-80.4171139,"2"
540419674002,967400,2,1424,39.0206605,-80.461535,"2"
540419675001,967500,1,1011,39.0697389,-80.4729335,"2"
540419675002,967500,2,777,39.0460767,-80.4680376,"2"
540419675003,967500,3,1252,39.0361784,-80.4910847,"2"
540419676001,967600,1,730,38.8091163,-80.4475637,"2"
540419676002,967600,2,1035,38.9739201,-80.5641045,"2"
540419676003,967600,3,1772,38.9298788,-80.4550238,"2"
540439554011,955401,1,1121,38.2481996,-81.8299976,"1"
540439554012,955401,2,1455,38.2975302,-81.8671183,"1"
540439554013,955401,3,656,38.192932,-81.8782534,"1"
540439554021,955402,1,917,38.1771277,-81.9246576,"1"
540439554022,955402,2,996,38.2354286,-81.9762115,"1"
540439554023,955402,3,973,38.2673261,-81.9414078,"1"
540439555001,955500,1,925,38.3176127,-82.0848908,"1"
540439555002,955500,2,1186,38.2979838,-82.1382935,"1"
540439555003,955500,3,777,38.27662,-82.0987785,"1"
540439555004,955500,4,577,38.2445816,-82.1199315,"1"
540439556001,955600,1,1295,38.2978593,-82.1779341,"1"
540439556002,955600,2,1655,38.2410058,-82.2266095,"1"
540439556003,955600,3,807,38.1678594,-82.2313641,"1"
540439556004,955600,4,639,38.1246615,-82.2110379,"1"
540439557001,955700,1,1277,38.0786355,-82.1760743,"1"
540439557002,955700,2,1046,38.0006751,-82.1940948,"1"
540439557003,955700,3,775,38.0357289,-82.0799019,"1"
540439558001,955800,1,647,38.1630762,-81.9826764,"1"
540439558002,955800,2,571,38.1717696,-82.0776231,"1"
540439558003,955800,3,920,38.2359266,-82.1698352,"1"
540439558004,955800,4,1248,38.0993887,-82.0704437,"1"
540459561021,956102,1,712,38.0090095,-81.9924849,"1"
540459561022,956102,2,933,37.9621922,-82.0069328,"1"
540459561023,956102,3,1165,37.9903728,-82.0127977,"1"
540459561031,956103,1,1320,37.9026595,-82.0696169,"1"
540459561032,956103,2,1368,37.9321292,-82.0318172,"1"
540459561033,956103,3,1314,37.9064645,-82.0119892,"1"
540459561041,956104,1,1551,37.9369027,-82.1353583,"1"
540459561042,956104,2,1133,37.9777613,-82.0822649,"1"
540459562001,956200,1,2122,37.8324902,-82.0750477,"1"
540459562002,956200,2,1356,37.8627625,-82.0092633,"1"
540459564001,956400,1,1207,37.7574976,-81.8776534,"1"
540459564002,956400,2,1155,37.8277206,-81.8556931,"1"
540459564003,956400,3,862,37.7951909,-81.8081634,"1"
540459565001,956500,1,973,37.7883705,-81.6939671,"1"
540459565002,956500,2,1079,37.7414566,-81.8073426,"1"
540459566001,956600,1,646,37.8191916,-81.9726809,"1"
540459566002,956600,2,1239,37.7519251,-81.9664319,"1"
540459566003,956600,3,1274,37.7083622,-81.9083672,"1"
540459566004,956600,4,1222,37.7005215,-81.8087792,"1"
540459567001,956700,1,528,37.7047417,-82.0220964,"1"
540459567002,956700,2,625,37.8048525,-82.0596802,"1"
540459567003,956700,3,480,37.7740555,-82.0559495,"1"
540459567004,956700,4,1098,37.797454,-82.0060031,"1"
540459567005,956700,5,886,37.8318888,-82.0208604,"1"
540459568001,956800,1,595,37.899797,-81.8667566,"1"
540459568002,956800,2,518,37.9268379,-81.9325926,"1"
540459568003,956800,3,1446,37.9558236,-81.9670695,"1"
540459568004,956800,4,870,37.9052645,-81.9618443,"1"
540459568005,956800,5,799,37.9582619,-81.9189339,"1"
540459569001,956900,1,1387,37.8814068,-81.9550672,"1"
540459569002,956900,2,704,37.8518936,-81.9881303,"1"
540479536001,953600,1,422,37.4384503,-81.3890634,"1"
540479536002,953600,2,457,37.401195,-81.3921733,"1"
540479538001,953800,1,696,37.4768064,-81.7653822,"1"
540479538002,953800,2,467,37.46916,-81.5810537,"1"
540479538003,953800,3,642,37.4988651,-81.636649,"1"
540479538004,953800,4,690,37.4428438,-81.6699446,"1"
540479539001,953900,1,760,37.4193485,-81.8978898,"1"
540479539002,953900,2,1197,37.4908661,-81.8933819,"1"
540479540001,954000,1,507,37.3115855,-81.7932924,"1"
540479540002,954000,2,474,37.3209891,-81.8504778,"1"
540479540003,954000,3,949,37.3653483,-81.8682559,"1"
540479542001,954200,1,1527,37.2638365,-81.5987418,"1"
540479545011,954501,1,789,37.3576322,-81.4833508,"1"
540479545012,954501,2,932,37.3300262,-81.4224031,"1"
540479545031,954503,1,2139,37.420028,-81.5305308,"1"
540479545032,954503,2,1785,37.4585828,-81.5277719,"1"
540479545033,954503,3,831,37.4178818,-81.495883,"1"
540479545041,954504,1,1028,37.4371125,-81.7582008,"1"
540479545042,954504,2,609,37.3915786,-81.7897139,"1"
540479545043,954504,3,626,37.3674016,-81.622972,"1"
540479545044,954504,4,784,37.3205496,-81.7389335,"1"
540479545045,954504,5,800,37.3574119,-81.7201132,"1"
540490201001,20100,1,513,39.4832347,-80.1483894,"2"
540490201002,20100,2,538,39.4843478,-80.143133,"2"
540490202001,20200,1,644,39.4880515,-80.1560483,"2"
540490202002,20200,2,702,39.4802771,-80.1514516,"2"
540490202003,20200,3,676,39.4705565,-80.1502801,"2"
540490202004,20200,4,1024,39.4847301,-80.1602154,"2"
540490203001,20300,1,570,39.4783648,-80.1542367,"2"
540490203002,20300,2,675,39.478769,-80.1691475,"2"
540490203003,20300,3,1008,39.4694333,-80.1693316,"2"
540490203004,20300,4,768,39.4740817,-80.1584585,"2"
540490203005,20300,5,767,39.4740314,-80.1647354,"2"
540490204001,20400,1,1921,39.4879792,-80.1900185,"2"
540490205001,20500,1,688,39.492054,-80.146538,"2"
540490205002,20500,2,719,39.4910325,-80.1292224,"2"
540490205003,20500,3,629,39.4987537,-80.1516145,"2"
540490206001,20600,1,967,39.5043588,-80.1329913,"2"
540490206002,20600,2,572,39.5169988,-80.1581276,"2"
540490207001,20700,1,1043,39.5089507,-80.1206214,"2"
540490207002,20700,2,939,39.4937474,-80.1189454,"2"
540490207003,20700,3,1000,39.4817731,-80.1247022,"2"
540490207004,20700,4,919,39.4865443,-80.1033627,"2"
540490208001,20800,1,723,39.4709379,-80.1403316,"2"
540490208002,20800,2,840,39.481003,-80.1291442,"2"
540490208003,20800,3,700,39.4797167,-80.1364517,"2"
540490208004,20800,4,978,39.4746177,-80.1281603,"2"
540490209001,20900,1,849,39.4530456,-80.1553685,"2"
540490209002,20900,2,755,39.4483649,-80.1689501,"2"
540490209003,20900,3,922,39.4653919,-80.109845,"2"
540490209004,20900,4,705,39.4577743,-80.1337819,"2"
540490209005,20900,5,1026,39.4418901,-80.1489383,"2"
540490210011,21001,1,1055,39.5145763,-80.082898,"2"
540490210012,21001,2,1087,39.4440132,-80.0136409,"2"
540490210013,21001,3,1048,39.4944938,-80.0630389,"2"
540490210021,21002,1,1077,39.4340381,-80.072268,"2"
540490210022,21002,2,1047,39.4260732,-80.1107799,"2"
540490211001,21100,1,887,39.4572617,-80.1700625,"2"
540490211002,21100,2,1015,39.4512661,-80.1835412,"2"
540490211003,21100,3,686,39.4631274,-80.1698455,"2"
540490212011,21201,1,1304,39.4287356,-80.1575081,"2"
540490212012,21201,2,772,39.4060425,-80.1465647,"2"
540490212013,21201,3,1481,39.4066029,-80.1868235,"2"
540490212021,21202,1,1026,39.4669257,-80.2002018,"2"
540490212022,21202,2,1396,39.4278937,-80.2241747,"2"
540490213001,21300,1,1316,39.4968248,-80.2782065,"2"
540490213002,21300,2,1121,39.4789568,-80.2411278,"2"
540490213003,21300,3,1152,39.4543956,-80.2368621,"2"
540490214001,21400,1,1094,39.496062,-80.1800841,"2"
540490214002,21400,2,754,39.5152187,-80.1977472,"2"
540490215001,21500,1,967,39.5328827,-80.1289178,"2"
540490215002,21500,2,770,39.5603747,-80.1191878,"2"
540490215003,21500,3,897,39.5778612,-80.1658492,"2"
540490215004,21500,4,725,39.535187,-80.1716127,"2"
540490216011,21601,1,1047,39.5874158,-80.2116335,"2"
540490216012,21601,2,1131,39.541159,-80.242596,"2"
540490216021,21602,1,1023,39.5496578,-80.3084398,"2"
540490216022,21602,2,1033,39.5269147,-80.2797648,"2"
540490217001,21700,1,826,39.5739818,-80.3523891,"2"
540490217002,21700,2,1046,39.5203281,-80.351417,"2"
540490218001,21800,1,823,39.5500782,-80.4131389,"2"
540490218002,21800,2,947,39.4618908,-80.31613,"2"
540490218003,21800,3,872,39.4860946,-80.4059338,"2"
540510202001,20200,1,607,39.9177943,-80.7412404,"2"
540510202002,20200,2,402,39.9249159,-80.7531649,"2"
540510202003,20200,3,797,39.9116621,-80.7487464,"2"
540510205001,20500,1,991,40.0131363,-80.7351647,"2"
540510206011,20601,1,904,39.9861054,-80.7348778,"2"
540510206012,20601,2,1273,39.9886997,-80.7158007,"2"
540510207021,20702,1,1384,39.9469999,-80.7553606,"2"
540510208001,20800,1,1141,40.0053382,-80.5897583,"2"
540510208002,20800,2,834,39.8851494,-80.564591,"2"
540510208003,20800,3,565,39.7916792,-80.6658849,"2"
540510208004,20800,4,567,39.7860789,-80.5330225,"2"
540510208005,20800,5,1076,39.7830827,-80.6053079,"2"
540510209001,20900,1,1409,39.8682609,-80.7762256,"2"
540510209002,20900,2,2100,39.8485946,-80.732389,"2"
540510209003,20900,3,899,39.87577,-80.6778109,"2"
540510209004,20900,4,641,39.762275,-80.7798277,"2"
540510210011,21001,1,1474,39.9050976,-80.6622343,"2"
540510210021,21002,1,895,39.9208137,-80.7363493,"2"
540510210022,21002,2,697,39.9161251,-80.7350278,"2"
540510210023,21002,3,738,39.9214108,-80.7307018,"2"
540510210024,21002,4,606,39.9246409,-80.726,"2"
540510210025,21002,5,846,39.9171366,-80.7238265,"2"
540510210026,21002,6,705,39.9291475,-80.7134049,"2"
540510211001,21100,1,689,39.9269203,-80.7389577,"2"
540510211002,21100,2,691,39.9268329,-80.7323484,"2"
540510211003,21100,3,769,39.9361458,-80.7248116,"2"
540510211004,21100,4,1347,39.945237,-80.7255521,"2"
540510211005,21100,5,1334,39.9745432,-80.6999557,"2"
540510213001,21300,1,1075,39.9506072,-80.6268463,"2"
540510213002,21300,2,1274,40.0027505,-80.6698134,"2"
540510213003,21300,3,1000,40.0267013,-80.7168397,"2"
540510213004,21300,4,861,40.0149732,-80.7054152,"2"
540539548011,954801,1,2091,38.9725535,-82.0465145,"1"
540539548012,954801,2,1028,39.0026633,-82.034061,"1"
540539548021,954802,1,1093,38.9824172,-81.9800304,"1"
540539548022,954802,2,1544,38.9526356,-81.9602752,"1"
540539548023,954802,3,1174,38.8752376,-81.9684306,"1"
540539549011,954901,1,1346,38.7867136,-81.9074486,"1"
540539549012,954901,2,1243,38.7144623,-81.8719352,"1"
540539549021,954902,1,1831,38.9019987,-82.0646848,"1"
540539549022,954902,2,1018,38.8594969,-82.0957821,"1"
540539549023,954902,3,1533,38.8179221,-82.0176015,"1"
540539550001,955000,1,1098,38.8853474,-82.1139148,"1"
540539550002,955000,2,796,38.8764324,-82.1288469,"1"
540539550003,955000,3,984,38.868855,-82.1345215,"1"
540539550004,955000,4,733,38.8644936,-82.1250468,"1"
540539550005,955000,5,764,38.83693,-82.1280289,"1"
540539551011,955101,1,848,38.7983965,-82.1805527,"1"
540539551012,955101,2,698,38.773941,-82.1067301,"1"
540539551013,955101,3,910,38.7215268,-82.1509392,"1"
540539551021,955102,1,1023,38.6563992,-82.1171583,"1"
540539551022,955102,2,1000,38.7316652,-82.0143317,"1"
540539551023,955102,3,1451,38.5590842,-82.0828407,"1"
540539551024,955102,4,1247,38.5988469,-82.1603534,"1"
540550009001,900,1,976,37.4498853,-81.2600276,"1"
540550009002,900,2,689,37.51519,-81.1638485,"1"
540550009003,900,3,1537,37.5206607,-81.0531363,"1"
540550010001,1000,1,1710,37.4412168,-81.0925778,"1"
540550010002,1000,2,1223,37.4274685,-81.1684813,"1"
540550010003,1000,3,764,37.382543,-81.1565868,"1"
540550010004,1000,4,758,37.4005342,-81.2019197,"1"
540550011001,1100,1,1065,37.4422897,-80.9351585,"1"
540550011002,1100,2,2029,37.4420966,-81.0217503,"1"
540550011003,1100,3,2139,37.3959528,-81.0339125,"1"
540550011004,1100,4,823,37.4072018,-81.0011897,"1"
540550012001,1200,1,963,37.3940367,-81.0695128,"1"
540550012002,1200,2,1288,37.3686977,-81.0584547,"1"
540550012003,1200,3,1345,37.379738,-81.056956,"1"
540550013001,1300,1,1612,37.3839604,-81.0884289,"1"
540550013002,1300,2,1269,37.3720236,-81.0791747,"1"
540550013003,1300,3,847,37.3639047,-81.0915702,"1"
540550014001,1400,1,709,37.3738353,-81.1000366,"1"
540550014002,1400,2,601,37.3690819,-81.1037305,"1"
540550014003,1400,3,671,37.3628542,-81.1059048,"1"
540550015001,1500,1,1776,37.3594584,-81.1868067,"1"
540550015002,1500,2,1783,37.3696285,-81.1273287,"1"
540550015003,1500,3,1913,37.3886123,-81.1076438,"1"
540550016001,1600,1,772,37.3787522,-81.2996955,"1"
540550016002,1600,2,673,37.3352267,-81.3334354,"1"
540550017001,1700,1,912,37.3265312,-81.2653898,"1"
540550017002,1700,2,2076,37.2903225,-81.2767544,"1"
540550017003,1700,3,1086,37.3183449,-81.2453017,"1"
540550017004,1700,4,864,37.3027676,-81.2152611,"1"
540550018001,1800,1,1024,37.357184,-81.1213998,"1"
540550018002,1800,2,1433,37.3471074,-81.1392051,"1"
540550018003,1800,3,1429,37.3243665,-81.1479862,"1"
540550018004,1800,4,1695,37.3286097,-81.2019663,"1"
540550019001,1900,1,1060,37.2877773,-81.1824076,"1"
540550019002,1900,2,431,37.2709432,-81.2210881,"1"
540550020001,2000,1,1085,37.2695158,-81.2558935,"1"
540550020002,2000,2,1334,37.2612778,-81.2340962,"1"
540550021001,2100,1,910,37.2518971,-81.2400868,"1"
540550021002,2100,2,787,37.2518652,-81.2286269,"1"
540550021003,2100,3,1234,37.2512187,-81.2213573,"1"
540550022001,2200,1,1003,37.2687264,-81.2077788,"1"
540550022002,2200,2,1404,37.2473346,-81.2151047,"1"
540550022003,2200,3,1180,37.2586954,-81.202532,"1"
540550022004,2200,4,842,37.277894,-81.180861,"1"
540550023001,2300,1,1561,37.2986662,-81.1242488,"1"
540550023002,2300,2,1203,37.3496342,-81.0718836,"1"
540550023003,2300,3,2382,37.3366529,-81.1168344,"1"
540550024001,2400,1,1704,37.3336213,-81.0045548,"1"
540550024002,2400,2,1090,37.3529365,-80.9338938,"1"
540570101001,10100,1,860,39.6277039,-78.7896586,"2"
540570101002,10100,2,591,39.6412664,-78.7729333,"2"
540570101003,10100,3,916,39.6160971,-78.7626109,"2"
540570102001,10200,1,1388,39.5371846,-78.8051761,"2"
540570102002,10200,2,2134,39.5115617,-78.8431959,"2"
540570103001,10300,1,1903,39.5712021,-78.7537832,"2"
540570103002,10300,2,1289,39.4923593,-78.7721619,"2"
540570103003,10300,3,1799,39.4835673,-78.7348367,"2"
540570104001,10400,1,1728,39.4151045,-78.8762787,"2"
540570104002,10400,2,1184,39.3732037,-78.911749,"2"
540570104003,10400,3,1363,39.3062974,-78.9777726,"2"
540570105001,10500,1,557,39.461117,-78.9360423,"2"
540570105002,10500,2,1063,39.4340738,-78.9818941,"2"
540570105003,10500,3,1346,39.4028464,-78.9854459,"2"
540570105004,10500,4,1735,39.3438686,-79.0916623,"2"
540570106001,10600,1,1015,39.4119374,-79.0112011,"2"
540570106002,10600,2,1687,39.4456891,-79.0113261,"2"
540570106003,10600,3,2473,39.4281843,-79.0183633,"2"
540570107001,10700,1,705,39.351522,-79.1948811,"2"
540570107002,10700,2,1202,39.417468,-79.0965015,"2"
540599571001,957100,1,1055,37.9191148,-82.2043117,"1"
540599571002,957100,2,1249,37.8831003,-82.2882658,"1"
540599571003,957100,3,679,37.8321629,-82.3132468,"1"
540599571004,957100,4,697,37.8396897,-82.3719185,"1"
540599572001,957200,1,1599,37.8161549,-82.1882238,"1"
540599572002,957200,2,570,37.783344,-82.3022569,"1"
540599572003,957200,3,1154,37.7597452,-82.1570689,"1"
540599573001,957300,1,1200,37.7370542,-82.2711781,"1"
540599573002,957300,2,840,37.7187428,-82.1550227,"1"
540599573003,957300,3,931,37.6871878,-82.1443274,"1"
540599574001,957400,1,1189,37.6711467,-82.2569128,"1"
540599574002,957400,2,956,37.6917508,-82.2683071,"1"
540599574003,957400,3,946,37.6745596,-82.2899272,"1"
540599574004,957400,4,726,37.6738395,-82.275786,"1"
540599575001,957500,1,676,37.6629005,-82.0554591,"1"
540599575002,957500,2,1861,37.6424522,-82.0885474,"1"
540599575003,957500,3,804,37.666452,-82.2038857,"1"
540599576001,957600,1,865,37.6129458,-81.9505548,"1"
540599576002,957600,2,551,37.6016373,-81.987573,"1"
540599576003,957600,3,545,37.6026521,-82.0694113,"1"
540599576004,957600,4,1059,37.5951757,-82.1171211,"1"
540599577001,957700,1,767,37.6521635,-81.946404,"1"
540599577002,957700,2,869,37.6255475,-81.8358426,"1"
540599577003,957700,3,892,37.581695,-81.8530407,"1"
540599577004,957700,4,888,37.5589079,-81.9287269,"1"
540610101011,10101,1,611,39.6313085,-79.9491957,"2"
540610101012,10101,2,860,39.6336466,-79.9502621,"2"
540610101031,10103,1,1315,39.6385305,-79.9569503,"2"
540610101032,10103,2,1249,39.6412374,-79.9587979,"2"
540610101033,10103,3,791,39.6446341,-79.9610516,"2"
540610101041,10104,1,994,39.634685,-79.9573865,"2"
540610101042,10104,2,1077,39.6320986,-79.9545339,"2"
540610101043,10104,3,896,39.6391929,-79.9448047,"2"
540610102021,10202,1,804,39.6496297,-79.9502553,"2"
540610102022,10202,2,947,39.6448003,-79.9493475,"2"
540610102023,10202,3,738,39.647673,-79.9467996,"2"
540610102024,10202,4,1304,39.6428905,-79.9552264,"2"
540610102025,10202,5,726,39.6410184,-79.9526041,"2"
540610102031,10203,1,1035,39.6468537,-79.9411601,"2"
540610102032,10203,2,1113,39.6523433,-79.9433215,"2"
540610102033,10203,3,1087,39.6537063,-79.9506413,"2"
540610102041,10204,1,2172,39.6535982,-79.9586154,"2"
540610102042,10204,2,548,39.6483329,-79.9572969,"2"
540610104001,10400,1,782,39.6715415,-79.9758494,"2"
540610104002,10400,2,685,39.6539533,-79.9795611,"2"
540610104003,10400,3,670,39.6571675,-79.9745798,"2"
540610104004,10400,4,657,39.6479017,-79.9800791,"2"
540610104005,10400,5,1031,39.6609595,-79.9836824,"2"
540610106011,10601,1,1579,39.6629511,-79.9577835,"2"
540610106012,10601,2,925,39.6648435,-79.9512355,"2"
540610106013,10601,3,1695,39.6620998,-79.943095,"2"
540610106021,10602,1,996,39.6574803,-79.9359607,"2"
540610106022,10602,2,1225,39.6509555,-79.92775,"2"
540610107001,10700,1,584,39.628659,-79.945485,"2"
540610107002,10700,2,693,39.6381146,-79.9283353,"2"
540610107003,10700,3,473,39.632798,-79.9461453,"2"
540610107004,10700,4,629,39.635921,-79.9348343,"2"
540610107005,10700,5,1303,39.635011,-79.9419897,"2"
540610108001,10800,1,1446,39.6675898,-79.9065084,"2"
540610108002,10800,2,1436,39.6598478,-79.9057373,"2"
540610108003,10800,3,1126,39.6755169,-79.8801512,"2"
540610108004,10800,4,635,39.6384251,-79.9085802,"2"
540610109011,10901,1,825,39.6244648,-79.9580881,"2"
540610109012,10901,2,694,39.6254966,-79.9492476,"2"
540610109013,10901,3,669,39.6244388,-79.9530864,"2"
540610109014,10901,4,696,39.6220415,-79.9477835,"2"
540610109021,10902,1,736,39.6207305,-79.9523053,"2"
540610109022,10902,2,714,39.6185994,-79.955278,"2"
540610109023,10902,3,1097,39.6272038,-79.933941,"2"
540610109024,10902,4,776,39.6107681,-79.9296475,"2"
540610110001,11000,1,1109,39.6103446,-79.9516432,"2"
540610110002,11000,2,884,39.6152496,-79.9610139,"2"
540610110003,11000,3,844,39.5897745,-79.960603,"2"
540610110004,11000,4,1269,39.6055656,-79.9611814,"2"
540610111001,11100,1,1287,39.6099773,-79.979308,"2"
540610111002,11100,2,792,39.6337479,-79.9710048,"2"
540610111003,11100,3,839,39.6371274,-79.9647853,"2"
540610112001,11200,1,904,39.6337705,-79.9899633,"2"
540610112002,11200,2,1355,39.6487788,-79.9991782,"2"
540610112003,11200,3,733,39.6370805,-79.9803908,"2"
540610113001,11300,1,650,39.6051742,-80.0038893,"2"
540610113002,11300,2,726,39.5852755,-80.0226131,"2"
540610113003,11300,3,737,39.634091,-80.0368385,"2"
540610113004,11300,4,649,39.6000152,-80.0874064,"2"
540610113005,11300,5,699,39.6196113,-80.1189386,"2"
540610113006,11300,6,672,39.6004971,-80.0567729,"2"
540610114001,11400,1,551,39.6877642,-80.2067806,"2"
540610114002,11400,2,515,39.6954123,-80.2493022,"2"
540610114003,11400,3,746,39.6420846,-80.1981958,"2"
540610114004,11400,4,543,39.6947778,-80.3541314,"2"
540610114005,11400,5,652,39.6503861,-80.2942279,"2"
540610114006,11400,6,605,39.6692526,-80.1553265,"2"
540610115001,11500,1,857,39.6545831,-80.0863164,"2"
540610115002,11500,2,1190,39.7015099,-79.9845323,"2"
540610115003,11500,3,1442,39.6814772,-80.0654635,"2"
540610115004,11500,4,820,39.7005041,-80.0997447,"2"
540610115005,11500,5,1013,39.676429,-80.0107428,"2"
540610116011,11601,1,1268,39.6807558,-79.953686,"2"
540610116012,11601,2,1501,39.6738392,-79.9596422,"2"
540610116021,11602,1,939,39.6677737,-79.9312483,"2"
540610116022,11602,2,1708,39.7022702,-79.8865889,"2"
540610116023,11602,3,1497,39.6917368,-79.9299291,"2"
540610117001,11700,1,983,39.6827442,-79.8494437,"2"
540610117002,11700,2,1687,39.6906584,-79.8610776,"2"
540610117003,11700,3,784,39.6725097,-79.8282788,"2"
540610117004,11700,4,1029,39.6763819,-79.8009204,"2"
540610118031,11803,1,790,39.593223,-79.8748419,"2"
540610118032,11803,2,1162,39.6011316,-79.9025073,"2"
540610118033,11803,3,943,39.5842986,-79.9102707,"2"
540610118034,11803,4,1010,39.566221,-79.8529071,"2"
540610118041,11804,1,2064,39.5538862,-79.9586165,"2"
540610118042,11804,2,886,39.5613099,-79.9357273,"2"
540610118043,11804,3,811,39.4741635,-79.9093265,"2"
540610118044,11804,4,766,39.5350607,-79.9072444,"2"
540610118051,11805,1,1108,39.5890389,-79.8471866,"2"
540610118052,11805,2,1501,39.6137211,-79.9134578,"2"
540610118053,11805,3,999,39.6199001,-79.8935665,"2"
540610118054,11805,4,836,39.6101161,-79.8946927,"2"
540610118061,11806,1,1304,39.621256,-79.8262952,"2"
540610118062,11806,2,1478,39.6404884,-79.8879793,"2"
540610118063,11806,3,1558,39.638902,-79.8681852,"2"
540610118064,11806,4,1423,39.6586171,-79.8726632,"2"
540610119001,11900,1,1638,39.5009297,-79.9331614,"2"
540610119002,11900,2,1240,39.5127809,-79.9761791,"2"
540610119003,11900,3,1544,39.5515813,-80.022107,"2"
540610120001,12000,1,1979,39.6481926,-79.970194,"2"
540610120002,12000,2,1293,39.6669847,-79.96975,"2"
540610120003,12000,3,1036,39.6649409,-79.9644595,"2"
540610120004,12000,4,930,39.6572141,-79.9682123,"2"
540639501001,950100,1,1218,37.662545,-80.4689185,"1"
540639501002,950100,2,765,37.6188462,-80.3805691,"2"
540639501003,950100,3,681,37.5290064,-80.3904808,"1"
540639502001,950200,1,842,37.6398538,-80.6524423,"1"
540639502002,950200,2,532,37.6012018,-80.568979,"1"
540639502003,950200,3,702,37.5749956,-80.5185868,"1"
540639502004,950200,4,780,37.5637505,-80.6767306,"1"
540639502005,950200,5,1082,37.4952297,-80.6241247,"1"
540639503001,950300,1,743,37.4189823,-80.7206684,"1"
540639503002,950300,2,2560,37.4696609,-80.7320096,"1"
540639503003,950300,3,1810,37.4606046,-80.8055954,"1"
540639503004,950300,4,661,37.4136347,-80.7840064,"1"
540659707011,970701,1,2042,39.6011834,-78.1705483,"2"
540659707012,970701,2,1786,39.6616056,-78.1503782,"2"
540659707021,970702,1,1753,39.6336938,-78.0690724,"2"
540659707022,970702,2,603,39.6056137,-78.0984558,"2"
540659708001,970800,1,1124,39.6408189,-78.2055326,"2"
540659708002,970800,2,910,39.6333433,-78.2506569,"2"
540659708003,970800,3,600,39.6257305,-78.2248364,"2"
540659708004,970800,4,865,39.6079686,-78.2267475,"2"
540659709001,970900,1,709,39.5547531,-78.3109663,"2"
540659709002,970900,2,1064,39.565699,-78.3834328,"2"
540659709003,970900,3,612,39.5175533,-78.4502367,"2"
540659710011,971001,1,1263,39.510491,-78.2126639,"2"
540659710012,971001,2,693,39.4678365,-78.2857836,"2"
540659710013,971001,3,1118,39.4449453,-78.2508345,"2"
540659710021,971002,1,1084,39.5450521,-78.2523493,"2"
540659710022,971002,2,837,39.5259258,-78.2957732,"2"
540679501001,950100,1,1648,38.3719169,-80.7699283,"2"
540679501002,950100,2,1522,38.4575909,-80.7395094,"2"
540679502011,950201,1,1043,38.2436221,-80.936647,"1"
540679502012,950201,2,1394,38.3411071,-80.9416657,"1"
540679502021,950202,1,3785,38.2846029,-80.8867934,"1"
540679503001,950300,1,1141,38.2804059,-81.0644312,"1"
540679504001,950400,1,1152,38.3190697,-80.7119754,"2"
540679504002,950400,2,893,38.2885552,-80.6740025,"2"
540679504003,950400,3,1815,38.3574744,-80.6661795,"2"
540679504004,950400,4,751,38.3309438,-80.6156799,"2"
540679505001,950500,1,507,38.2732915,-80.5441014,"2"
540679505002,950500,2,890,38.2462342,-80.5564909,"2"
540679506001,950600,1,758,38.2027949,-80.5451557,"2"
540679506002,950600,2,690,38.2294843,-80.6157513,"2"
540679506003,950600,3,1685,38.2071145,-80.754681,"2"
540679506004,950600,4,1701,38.1600114,-80.6477785,"2"
540679507001,950700,1,480,38.1376824,-80.7797961,"1"
540679507002,950700,2,1337,38.1575543,-80.8417387,"1"
540679507003,950700,3,1412,38.1737978,-80.9049785,"1"
540690002001,200,1,571,40.126051,-80.6962958,"2"
540690002002,200,2,1139,40.1227804,-80.703761,"2"
540690002003,200,3,815,40.1167804,-80.6917033,"2"
540690002004,200,4,759,40.1113052,-80.7021719,"2"
540690003001,300,1,1166,40.0886001,-80.7047268,"2"
540690003002,300,2,498,40.0768639,-80.7033104,"2"
540690004001,400,1,649,40.0764871,-80.7261301,"2"
540690004002,400,2,309,40.0980749,-80.7047009,"2"
540690005001,500,1,615,40.0796502,-80.7327426,"2"
540690005002,500,2,744,40.0746483,-80.7336623,"2"
540690006001,600,1,611,40.0635054,-80.7323414,"2"
540690006002,600,2,414,40.067647,-80.7300958,"2"
540690007001,700,1,352,40.0781356,-80.7181427,"2"
540690007002,700,2,527,40.069537,-80.7181013,"2"
540690013001,1300,1,493,40.048253,-80.7170206,"2"
540690013002,1300,2,727,40.037863,-80.7092906,"2"
540690014001,1400,1,476,40.0655179,-80.7059136,"2"
540690014002,1400,2,1050,40.0712978,-80.6896555,"2"
540690014003,1400,3,691,40.0678029,-80.6867034,"2"
540690014004,1400,4,752,40.0666027,-80.6816672,"2"
540690015001,1500,1,768,40.091326,-80.6859081,"2"
540690015002,1500,2,1139,40.0827768,-80.6719551,"2"
540690015003,1500,3,740,40.0766331,-80.6902583,"2"
540690016001,1600,1,637,40.0786586,-80.6813904,"2"
540690016002,1600,2,1676,40.0686833,-80.6704923,"2"
540690017001,1700,1,965,40.058238,-80.6649155,"2"
540690017002,1700,2,714,40.0531834,-80.6597044,"2"
540690018001,1800,1,851,40.0511147,-80.652373,"2"
540690018002,1800,2,693,40.0428866,-80.6401939,"2"
540690018003,1800,3,697,40.0328335,-80.6440088,"2"
540690018004,1800,4,1012,40.0392429,-80.6585704,"2"
540690018005,1800,5,1333,40.0461299,-80.6673021,"2"
540690018006,1800,6,562,40.0328632,-80.6542962,"2"
540690019011,1901,1,1515,40.04648,-80.6808727,"2"
540690019012,1901,2,1050,40.0415972,-80.6980388,"2"
540690020001,2000,1,1260,40.0890825,-80.644272,"2"
540690020002,2000,2,1305,40.1729426,-80.6451558,"2"
540690020003,2000,3,889,40.1198145,-80.6742846,"2"
540690020004,2000,4,1468,40.1440772,-80.6370911,"2"
540690021001,2100,1,484,40.1500485,-80.5583079,"2"
540690021002,2100,2,515,40.1100399,-80.557625,"2"
540690021003,2100,3,1355,40.0940394,-80.6045176,"2"
540690021004,2100,4,1492,40.1624453,-80.6073233,"2"
540690022001,2200,1,1131,40.0769546,-80.5814445,"2"
540690022002,2200,2,1612,40.0466878,-80.5599283,"2"
540690026001,2600,1,633,40.044719,-80.7233611,"2"
540690026002,2600,2,411,40.0451546,-80.7272772,"2"
540690026003,2600,3,449,40.0343737,-80.7281253,"2"
540690026004,2600,4,715,40.0564033,-80.7264477,"2"
540690027001,2700,1,631,40.0680831,-80.7232334,"2"
540690027002,2700,2,365,40.0662195,-80.7134341,"2"
540719704001,970400,1,785,38.8302287,-79.4471602,"2"
540719704002,970400,2,629,38.6818695,-79.5302836,"2"
540719705001,970500,1,940,38.7930624,-79.2657526,"2"
540719705002,970500,2,771,38.6377951,-79.3465788,"2"
540719705003,970500,3,706,38.5767164,-79.398079,"2"
540719705004,970500,4,676,38.6758903,-79.3475638,"2"
540719706001,970600,1,554,38.7149527,-79.1119635,"2"
540719706002,970600,2,1082,38.5505808,-79.3099431,"2"
540739621001,962100,1,843,39.3603852,-81.1296194,"2"
540739621002,962100,2,1453,39.4285137,-81.1580772,"2"
540739621003,962100,3,1129,39.4158385,-81.0708186,"2"
540739622001,962200,1,1110,39.3966647,-81.190717,"2"
540739622002,962200,2,1053,39.3590588,-81.2726862,"2"
540739622003,962200,3,1119,39.3218658,-81.2534386,"2"
540739622004,962200,4,946,39.3777995,-81.2357935,"2"
540759601011,960101,1,547,38.497613,-79.7611608,"2"
540759601012,960101,2,609,38.3846389,-79.7693279,"2"
540759601021,960102,1,546,38.6195451,-79.7523348,"2"
540759601022,960102,2,622,38.4436697,-79.9264535,"2"
540759602011,960201,1,622,38.3653706,-80.1070018,"2"
540759602012,960201,2,1213,38.2810468,-79.9887173,"2"
540759602021,960202,1,596,38.2383825,-79.9316441,"2"
540759602022,960202,2,1024,38.1170987,-80.0610532,"2"
540759603001,960300,1,657,38.2950258,-80.2348165,"2"
540759603002,960300,2,1433,38.1084064,-80.230845,"2"
540779638011,963801,1,695,39.7028864,-79.5735825,"2"
540779638012,963801,2,4056,39.6842975,-79.528692,"2"
540779638021,963802,1,1338,39.6859784,-79.6921059,"2"
540779638022,963802,2,957,39.6179138,-79.638884,"2"
540779638023,963802,3,968,39.5975135,-79.7044924,"2"
540779639001,963900,1,886,39.5434587,-79.8287737,"2"
540779639002,963900,2,805,39.5251738,-79.7110252,"2"
540779639003,963900,3,1156,39.5720188,-79.7646776,"2"
540779639004,963900,4,1216,39.5237351,-79.7918307,"2"
540779640001,964000,1,902,39.4695184,-79.7329497,"2"
540779640002,964000,2,1027,39.4814849,-79.6498641,"2"
540779640003,964000,3,1133,39.4909659,-79.7055905,"2"
540779640004,964000,4,983,39.4698864,-79.6907372,"2"
540779641011,964101,1,1184,39.627933,-79.5559171,"2"
540779641012,964101,2,871,39.566266,-79.5362766,"2"
540779641021,964102,1,1063,39.4475278,-79.5235674,"2"
540779641031,964103,1,718,39.4929973,-79.5905386,"2"
540779641032,964103,2,795,39.4857681,-79.5200399,"2"
540779642001,964200,1,879,39.4109031,-79.5170886,"2"
540779642002,964200,2,946,39.3358203,-79.5981941,"2"
540779642003,964200,3,929,39.4151081,-79.6269479,"2"
540779642004,964200,4,962,39.2666595,-79.5468441,"2"
540779643001,964300,1,971,39.4416636,-79.6993199,"2"
540779643002,964300,2,775,39.482347,-79.8148975,"2"
540779643003,964300,3,705,39.5119591,-79.8593765,"2"
540779643004,964300,4,817,39.4519757,-79.784238,"2"
540779643005,964300,5,785,39.4908095,-79.7807814,"2"
540779644001,964400,1,692,39.4049738,-79.8083325,"2"
540779644002,964400,2,861,39.4520734,-79.8619272,"2"
540779644003,964400,3,774,39.3586693,-79.85099,"2"
540779644004,964400,4,824,39.4018427,-79.7318545,"2"
540779645001,964500,1,744,39.311263,-79.7249727,"2"
540779645002,964500,2,817,39.3649713,-79.7576558,"2"
540779645003,964500,3,982,39.2860019,-79.8060409,"2"
540790201001,20100,1,841,38.6284492,-81.7415832,"1"
540790201002,20100,2,1159,38.6209618,-81.8268085,"1"
540790201003,20100,3,802,38.5518087,-81.8515036,"1"
540790201004,20100,4,1532,38.5236107,-81.7888992,"1"
540790201005,20100,5,616,38.5058664,-81.840471,"1"
540790202001,20200,1,863,38.636035,-81.9117961,"1"
540790202002,20200,2,1121,38.6117988,-81.9815581,"1"
540790202003,20200,3,1703,38.5703956,-81.9440394,"1"
540790202004,20200,4,1642,38.539821,-81.9161808,"1"
540790203001,20300,1,840,38.5870266,-82.0215102,"1"
540790203002,20300,2,1547,38.497595,-82.0322198,"1"
540790203003,20300,3,3188,38.5026762,-81.9659641,"1"
540790204001,20400,1,1715,38.5045146,-81.8691935,"1"
540790204002,20400,2,2020,38.5105179,-81.906109,"1"
540790204003,20400,3,2038,38.4749261,-81.8933269,"1"
540790204004,20400,4,912,38.4648883,-81.8471104,"1"
540790205001,20500,1,1290,38.5053043,-81.7594138,"1"
540790205002,20500,2,1080,38.465556,-81.8146995,"1"
540790205003,20500,3,1943,38.4522972,-81.797937,"1"
540790205004,20500,4,944,38.4388678,-81.8212861,"1"
540790205005,20500,5,668,38.4397302,-81.8409679,"1"
540790206011,20601,1,1300,38.448591,-81.8693488,"1"
540790206012,20601,2,1568,38.4519284,-81.9230244,"1"
540790206013,20601,3,3116,38.4451489,-81.9138378,"1"
540790206041,20604,1,1477,38.44174,-81.9730411,"1"
540790206042,20604,2,1407,38.4453232,-81.9473096,"1"
540790206061,20606,1,1793,38.4411833,-82.004762,"1"
540790206062,20606,2,2660,38.44801,-81.9851945,"1"
540790206071,20607,1,2135,38.45435,-81.9500125,"1"
540790206072,20607,2,1288,38.4536994,-81.9670493,"1"
540790206081,20608,1,1027,38.4351314,-82.0225194,"1"
540790206082,20608,2,804,38.429712,-82.0244933,"1"
540790206083,20608,3,1142,38.4263723,-82.0287954,"1"
540790206084,20608,4,1898,38.4253965,-82.0398836,"1"
540790206091,20609,1,1161,38.425668,-81.901028,"1"
540790206092,20609,2,1047,38.4310008,-81.9813401,"1"
540790206093,20609,3,915,38.4334539,-82.007217,"1"
540790207001,20700,1,2153,38.4002236,-82.0116893,"1"
540790207002,20700,2,1074,38.3103787,-82.0112536,"1"
540790207003,20700,3,1011,38.3853263,-81.9449787,"1"
540810002001,200,1,1138,37.7670747,-81.1895053,"1"
540810002002,200,2,736,37.7623114,-81.1724137,"1"
540810002003,200,3,1478,37.7748756,-81.1873426,"1"
540810003001,300,1,1729,37.769864,-81.143115,"1"
540810003002,300,2,883,37.77617,-81.1727047,"1"
540810003003,300,3,1336,37.7470277,-81.1714467,"1"
540810004001,400,1,1365,37.782014,-81.1832716,"1"
540810004002,400,2,1953,37.7856628,-81.1697939,"1"
540810005001,500,1,1522,37.8081003,-81.2070145,"1"
540810005002,500,2,1955,37.8112085,-81.1976337,"1"
540810005003,500,3,951,37.7930893,-81.1803111,"1"
540810006001,600,1,1797,37.7900754,-81.1989382,"1"
540810006002,600,2,1286,37.7728804,-81.2015925,"1"
540810006003,600,3,1327,37.7846025,-81.2109788,"1"
540810007001,700,1,1702,37.7592808,-81.189782,"1"
540810007002,700,2,1235,37.7559691,-81.2201768,"1"
540810008021,802,1,1066,37.7465993,-80.9825015,"1"
540810008022,802,2,1185,37.6588426,-81.0580172,"1"
540810008023,802,3,777,37.793589,-81.1146601,"1"
540810008024,802,4,3205,37.8071453,-81.0687232,"1"
540810008031,803,1,1315,37.7446658,-81.07991,"1"
540810008032,803,2,1402,37.6881275,-81.0914339,"1"
540810008033,803,3,1997,37.7128182,-81.0756031,"1"
540810008041,804,1,1042,37.7329179,-81.1571521,"1"
540810008042,804,2,1704,37.7220649,-81.1300972,"1"
540810008043,804,3,735,37.6956826,-81.1108124,"1"
540810008044,804,4,1712,37.7491807,-81.1026486,"1"
540810009001,900,1,443,37.65617,-81.2587369,"1"
540810009002,900,2,559,37.5910234,-81.2674823,"1"
540810009003,900,3,1446,37.6457131,-81.1656932,"1"
540810009004,900,4,1447,37.6218297,-81.0944667,"1"
540810009005,900,5,976,37.6812698,-81.2262774,"1"
540810009006,900,6,598,37.6615906,-81.2106706,"1"
540810010011,1001,1,2275,37.7540705,-81.2515014,"1"
540810010012,1001,2,1412,37.7339432,-81.2224173,"1"
540810010013,1001,3,1058,37.7808883,-81.235744,"1"
540810010021,1002,1,729,37.7107323,-81.235643,"1"
540810010022,1002,2,2060,37.7193408,-81.267934,"1"
540810011001,1100,1,895,37.7115395,-81.3624065,"1"
540810011002,1100,2,1801,37.7457428,-81.3186588,"1"
540810011003,1100,3,1939,37.7891885,-81.388924,"1"
540810011004,1100,4,682,37.8060707,-81.3253782,"1"
540810012001,1200,1,1080,37.830173,-81.4874655,"1"
540810012002,1200,2,1330,37.8921424,-81.4783726,"1"
540810012003,1200,3,916,37.9565299,-81.3931332,"1"
540810012004,1200,4,783,37.881553,-81.3499829,"1"
540810013001,1300,1,954,37.7955324,-81.2377383,"1"
540810013002,1300,2,1393,37.8228917,-81.266199,"1"
540810013003,1300,3,2296,37.8102779,-81.2184056,"1"
540810014001,1400,1,778,37.8667279,-81.2477901,"1"
540810014002,1400,2,1014,37.8479302,-81.1888169,"1"
540810014003,1400,3,1940,37.8678876,-81.2155816,"1"
540810014004,1400,4,1187,37.8438089,-81.2181807,"1"
540810015001,1500,1,1332,37.8591,-81.1350948,"1"
540810015002,1500,2,948,37.8120035,-81.1448899,"1"
540810015003,1500,3,1787,37.802083,-81.1649305,"1"
540839659001,965900,1,1802,38.928336,-80.010066,"2"
540839659002,965900,2,504,38.7326896,-80.119309,"2"
540839659003,965900,3,893,38.8116461,-79.9219468,"2"
540839659004,965900,4,662,38.8627024,-79.9575484,"2"
540839660001,966000,1,1355,38.9482516,-79.8962916,"2"
540839660002,966000,2,896,38.9187002,-79.8581884,"2"
540839660003,966000,3,1082,38.913157,-79.8609147,"2"
540839660004,966000,4,818,38.905639,-79.8475542,"2"
540839661001,966100,1,788,38.9337072,-79.8575248,"2"
540839661002,966100,2,1105,38.9320786,-79.8458743,"2"
540839661003,966100,3,889,38.9232705,-79.8466901,"2"
540839661004,966100,4,894,38.9259258,-79.8593453,"2"
540839662001,966200,1,602,38.9447494,-79.8673755,"2"
540839662002,966200,2,1236,38.9819219,-79.8457897,"2"
540839662003,966200,3,776,38.9831898,-79.7953858,"2"
540839662004,966200,4,952,38.9330918,-79.8041312,"2"
540839663001,966300,1,979,39.0452532,-79.8122051,"2"
540839663002,966300,2,874,38.9254685,-79.6092265,"2"
540839663003,966300,3,850,38.795673,-79.6553808,"2"
540839664001,966400,1,1362,38.8979078,-79.8105655,"2"
540839664002,966400,2,1152,38.8527654,-79.8226246,"2"
540839664003,966400,3,893,38.7810953,-79.8677881,"2"
540839664004,966400,4,1113,38.8268349,-79.8745078,"2"
540839664005,966400,5,1255,38.8723546,-79.8664946,"2"
540839665001,966500,1,2140,38.6957422,-80.0830911,"2"
540839665002,966500,2,1001,38.7251858,-79.8550008,"2"
540839665003,966500,3,487,38.5285644,-80.1120752,"2"
540839665004,966500,4,572,38.5750996,-79.960865,"2"
540859623001,962300,1,1000,39.3197839,-80.9188055,"2"
540859623002,962300,2,724,39.3131428,-80.9790428,"2"
540859623003,962300,3,1029,39.2899954,-81.0600752,"2"
540859623004,962300,4,640,39.1978486,-80.9307927,"2"
540859624001,962400,1,989,39.2302316,-81.1609926,"2"
540859624002,962400,2,910,39.1270504,-81.1902508,"2"
540859624003,962400,3,541,39.0709897,-81.0163488,"2"
540859625001,962500,1,652,39.223106,-81.0399118,"2"
540859625002,962500,2,729,39.2083418,-81.0606919,"2"
540859625003,962500,3,743,39.1736489,-81.0389247,"2"
540859625004,962500,4,487,39.1228861,-80.9427701,"2"
540879628001,962800,1,1059,38.8771668,-81.4578373,"1"
540879628002,962800,2,600,38.8525072,-81.3001331,"1"
540879628003,962800,3,769,38.7979489,-81.2673233,"1"
540879629011,962901,1,582,38.6802345,-81.4901582,"1"
540879629012,962901,2,481,38.6453097,-81.3737591,"1"
540879629013,962901,3,1158,38.5840549,-81.4152318,"1"
540879629021,962902,1,779,38.7910553,-81.4640828,"1"
540879629022,962902,2,1167,38.7092324,-81.3986179,"1"
540879630001,963000,1,973,38.80614,-81.3357996,"1"
540879630002,963000,2,599,38.821348,-81.3665543,"1"
540879630003,963000,3,839,38.8037748,-81.388612,"1"
540879630004,963000,4,1115,38.7862771,-81.3572176,"1"
540879631001,963100,1,700,38.7061857,-81.3076409,"1"
540879631002,963100,2,894,38.6967724,-81.231806,"1"
540879631003,963100,3,916,38.6069129,-81.1750048,"1"
540879631004,963100,4,1397,38.5721429,-81.2714845,"1"
540890005001,500,1,969,37.7620787,-80.8117815,"1"
540890005002,500,2,772,37.6783784,-80.8642445,"1"
540890005003,500,3,815,37.8227734,-80.8573779,"1"
540890006001,600,1,2058,37.662404,-80.7183573,"1"
540890006002,600,2,873,37.5913756,-80.8007636,"1"
540890006003,600,3,563,37.5521433,-80.8598172,"1"
540890006004,600,4,1303,37.7012955,-80.7635369,"1"
540890007001,700,1,1307,37.6536772,-80.8872257,"1"
540890008001,800,1,1053,37.5255172,-80.9274626,"1"
540890008002,800,2,661,37.6806874,-80.949178,"1"
540890008003,800,3,1585,37.607384,-80.9924306,"1"
540919646001,964600,1,819,39.371335,-79.9512707,"2"
540919646002,964600,2,627,39.3649803,-80.004176,"2"
540919646003,964600,3,678,39.3422199,-80.0205374,"2"
540919646004,964600,4,757,39.3434874,-80.0340015,"2"
540919646005,964600,5,1017,39.4042184,-79.9766498,"2"
540919646006,964600,6,873,39.3480729,-79.9939913,"2"
540919647001,964700,1,1098,39.3381485,-80.1308039,"2"
540919647002,964700,2,881,39.3744828,-80.183889,"2"
540919647003,964700,3,789,39.3771107,-80.1530551,"2"
540919647004,964700,4,1206,39.3296063,-80.1821067,"2"
540919647005,964700,5,833,39.3829576,-80.086342,"2"
540919648001,964800,1,611,39.2554002,-80.1231433,"2"
540919648002,964800,2,782,39.2740129,-80.0272412,"2"
540919648003,964800,3,1077,39.2864865,-80.1536268,"2"
540919648004,964800,4,915,39.3324778,-80.0465539,"2"
540919648005,964800,5,1363,39.2899249,-80.0771857,"2"
540919649001,964900,1,1439,39.328046,-79.9491757,"2"
540919649002,964900,2,940,39.3129287,-80.0058722,"2"
540939652001,965200,1,806,39.1419146,-79.5336719,"2"
540939652002,965200,2,1008,39.1927079,-79.6877722,"2"
540939653001,965300,1,752,39.0571354,-79.5052641,"2"
540939653002,965300,2,903,39.1149839,-79.3558594,"2"
540939653003,965300,3,574,39.0998292,-79.6006951,"2"
540939654001,965400,1,1138,39.0892045,-79.7315958,"2"
540939654002,965400,2,729,39.1166841,-79.6522352,"2"
540939654003,965400,3,852,39.0576449,-79.6380854,"2"
540959618001,961800,1,970,39.5832469,-80.9117205,"2"
540959618002,961800,2,820,39.5689232,-80.962072,"2"
540959618003,961800,3,784,39.562114,-81.0011155,"2"
540959618004,961800,4,731,39.5371882,-80.9747546,"2"
540959619001,961900,1,1104,39.5379499,-80.8554792,"2"
540959619002,961900,2,982,39.4723019,-80.8996251,"2"
540959619003,961900,3,455,39.4905289,-80.963079,"2"
540959619004,961900,4,781,39.4970127,-81.0495528,"2"
540959620001,962000,1,720,39.4496927,-80.7490249,"2"
540959620002,962000,2,966,39.389535,-80.8849022,"2"
540979666001,966600,1,1734,39.0530177,-80.2057428,"2"
540979666002,966600,2,1284,39.0454413,-80.2735773,"2"
540979666003,966600,3,1425,38.955295,-80.3032763,"2"
540979667001,966700,1,1302,38.9911387,-80.2330215,"2"
540979667002,966700,2,1775,38.9894469,-80.2186788,"2"
540979668001,966800,1,1953,38.9906371,-80.2030106,"2"
540979668002,966800,2,824,39.0135645,-80.2075407,"2"
540979668003,966800,3,1384,38.954192,-80.2174414,"2"
540979669001,966900,1,831,38.9817745,-80.2369142,"2"
540979669002,966900,2,653,38.9768235,-80.2241833,"2"
540979669003,966900,3,1412,38.9518907,-80.2509603,"2"
540979670001,967000,1,920,38.7573424,-80.3263992,"2"
540979670002,967000,2,1139,38.8346107,-80.2408016,"2"
540979670003,967000,3,1729,38.8925824,-80.2969107,"2"
540979670004,967000,4,1008,38.8402683,-80.3435216,"2"
540979671001,967100,1,1448,39.0030332,-80.1113103,"2"
540979671002,967100,2,1356,38.9532369,-80.1308258,"2"
540979671003,967100,3,907,38.9220254,-80.17438,"2"
540979671004,967100,4,732,38.8223229,-80.1608261,"2"
540990051001,5100,1,1963,38.4017436,-82.524199,"1"
540990052001,5200,1,1026,38.4017243,-82.5013637,"1"
540990052002,5200,2,930,38.3964492,-82.5233888,"1"
540990201001,20100,1,1079,38.3884995,-82.5282179,"1"
540990201002,20100,2,1191,38.3773225,-82.513866,"1"
540990203001,20300,1,632,38.3991033,-82.5703885,"1"
540990203002,20300,2,994,38.3905387,-82.5870168,"1"
540990203003,20300,3,554,38.3992539,-82.5844848,"1"
540990203004,20300,4,576,38.4006175,-82.5811926,"1"
540990203005,20300,5,703,38.4036974,-82.5841115,"1"
540990203006,20300,6,1132,38.3976831,-82.5493791,"1"
540990204001,20400,1,1914,38.3699961,-82.5552031,"1"
540990204002,20400,2,1346,38.3458543,-82.5571683,"1"
540990204003,20400,3,1141,38.3698679,-82.4834108,"1"
540990204004,20400,4,515,38.3531949,-82.4525061,"1"
540990204005,20400,5,960,38.3453095,-82.4779089,"1"
540990205001,20500,1,621,38.2632679,-82.3370068,"1"
540990205002,20500,2,1114,38.3212621,-82.4151718,"1"
540990205003,20500,3,848,38.2931161,-82.3781434,"1"
540990205004,20500,4,1648,38.2280983,-82.4094092,"1"
540990205005,20500,5,515,38.194796,-82.371065,"1"
540990206001,20600,1,868,38.3344029,-82.5038958,"1"
540990206002,20600,2,1309,38.3092952,-82.4800545,"1"
540990206003,20600,3,647,38.2848017,-82.4699718,"1"
540990206004,20600,4,1839,38.234372,-82.4723438,"1"
540990207001,20700,1,1523,38.2810169,-82.5432503,"1"
540990207002,20700,2,1263,38.2138949,-82.5496341,"1"
540990207003,20700,3,728,38.1624032,-82.5937441,"1"
540990208001,20800,1,772,38.1390208,-82.5061708,"1"
540990208002,20800,2,1457,38.0720439,-82.4797016,"1"
540990208003,20800,3,1163,38.1134206,-82.5846525,"1"
540990208004,20800,4,758,38.1017382,-82.5445528,"1"
540990209001,20900,1,831,38.1488839,-82.3236888,"1"
540990209002,20900,2,595,38.0824217,-82.3882663,"1"
540990209003,20900,3,1011,38.1775117,-82.4400369,"1"
540990210001,21000,1,405,38.0192573,-82.2915455,"1"
540990210002,21000,2,968,37.9801932,-82.4513685,"1"
540990210003,21000,3,1443,37.9247906,-82.3895329,"1"
541019701011,970101,1,1234,38.4298466,-80.4988715,"2"
541019701012,970101,2,1322,38.5425395,-80.5608273,"2"
541019701021,970102,1,869,38.6440227,-80.3705443,"2"
541019701022,970102,2,889,38.6110076,-80.4468129,"2"
541019702001,970200,1,1185,38.5461269,-80.2791658,"2"
541019702002,970200,2,937,38.4773609,-80.2950111,"2"
541019703001,970300,1,1429,38.3968752,-80.616253,"2"
541019703002,970300,2,513,38.3200885,-80.4132187,"2"
541030049001,4900,1,638,39.6854302,-80.8545441,"2"
541030049002,4900,2,1441,39.6683971,-80.8402509,"2"
541030049003,4900,3,1510,39.6759525,-80.8609473,"2"
541030304001,30400,1,787,39.6856837,-80.7485762,"2"
541030304002,30400,2,564,39.6700994,-80.6126259,"2"
541030304003,30400,3,385,39.6787011,-80.4836848,"2"
541030304004,30400,4,740,39.6424354,-80.4437797,"2"
541030305001,30500,1,878,39.5323411,-80.7228091,"2"
541030305002,30500,2,732,39.6035793,-80.5788718,"2"
541030305003,30500,3,547,39.5437652,-80.5811064,"2"
541030305004,30500,4,1068,39.4985359,-80.5952775,"2"
541030307001,30700,1,955,39.5900948,-80.8389618,"2"
541030307002,30700,2,529,39.6344183,-80.8585736,"2"
541030307003,30700,3,674,39.6472212,-80.8629992,"2"
541030307004,30700,4,1769,39.6095269,-80.9273655,"2"
541030308001,30800,1,603,39.6470806,-80.856072,"2"
541030308002,30800,2,622,39.6448138,-80.8041754,"2"
541050301011,30101,1,1860,39.0623464,-81.4638684,"1"
541050301012,30101,2,1212,38.9717956,-81.3973848,"1"
541050301021,30102,1,1173,39.1134306,-81.3430502,"1"
541050301022,30102,2,949,39.022152,-81.2981481,"1"
541070001001,100,1,1429,39.2939103,-81.5286209,"1"
541070001002,100,2,1989,39.2918512,-81.5151568,"1"
541070003001,300,1,2001,39.2808303,-81.5348316,"1"
541070003002,300,2,760,39.2824054,-81.5403148,"1"
541070004001,400,1,1252,39.276306,-81.5163533,"1"
541070004002,400,2,929,39.2787856,-81.5244484,"1"
541070005001,500,1,1237,39.2762882,-81.5486688,"1"
541070005002,500,2,1085,39.2706763,-81.5352569,"1"
541070005003,500,3,1026,39.2748004,-81.5402623,"1"
541070005004,500,4,818,39.270759,-81.5434714,"1"
541070007011,701,1,517,39.2612782,-81.54335,"1"
541070007012,701,2,1054,39.2682948,-81.5525647,"1"
541070007013,701,3,1042,39.2662632,-81.5451738,"1"
541070007021,702,1,896,39.2700663,-81.5265467,"1"
541070007022,702,2,632,39.2658853,-81.5249057,"1"
541070008011,801,1,1347,39.2464522,-81.53925,"1"
541070008021,802,1,715,39.2377682,-81.5237746,"1"
541070008022,802,2,1341,39.223082,-81.5364097,"1"
541070008023,802,3,1280,39.2388911,-81.5335979,"1"
541070009011,901,1,1381,39.2504411,-81.5522924,"1"
541070009021,902,1,737,39.2552765,-81.5728042,"1"
541070009022,902,2,646,39.2496908,-81.570918,"1"
541070009031,903,1,1658,39.2409559,-81.5618318,"1"
541070009032,903,2,1459,39.2344947,-81.5493675,"1"
541070009033,903,3,1099,39.2254455,-81.5505818,"1"
541070101011,10101,1,1911,39.3556504,-81.4782794,"1"
541070101021,10102,1,1008,39.3235889,-81.5042393,"1"
541070101022,10102,2,1032,39.3030363,-81.5068253,"1"
541070102001,10200,1,1060,39.3982884,-81.4419635,"1"
541070102002,10200,2,681,39.401198,-81.4512819,"1"
541070102003,10200,3,1310,39.3964063,-81.4634139,"1"
541070103001,10300,1,2414,39.3375226,-81.5301237,"1"
541070103002,10300,2,2142,39.3290898,-81.5421097,"1"
541070104001,10400,1,678,39.3377518,-81.5485058,"1"
541070104002,10400,2,1008,39.3296503,-81.5495997,"1"
541070105011,10501,1,745,39.322283,-81.5473362,"1"
541070105012,10501,2,845,39.3112945,-81.5547298,"1"
541070105021,10502,1,1281,39.3216383,-81.5332612,"1"
541070105022,10502,2,1222,39.3016135,-81.5449862,"1"
541070105023,10502,3,1758,39.3110835,-81.5357022,"1"
541070106011,10601,1,1015,39.340149,-81.447814,"1"
541070106012,10601,2,1960,39.3060913,-81.4437131,"1"
541070106013,10601,3,1749,39.3608486,-81.4178689,"1"
541070106021,10602,1,1379,39.2729561,-81.5046139,"1"
541070106022,10602,2,1348,39.2736523,-81.4618998,"1"
541070106023,10602,3,932,39.2981761,-81.3763697,"2"
541070106024,10602,4,712,39.2644381,-81.3344544,"2"
541070107031,10703,1,708,39.1777561,-81.5220063,"1"
541070107032,10703,2,1753,39.1832012,-81.5061146,"1"
541070107033,10703,3,1534,39.1435429,-81.4878362,"1"
541070107034,10703,4,622,39.1614339,-81.5208653,"1"
541070107041,10704,1,1375,39.1606356,-81.556941,"1"
541070107042,10704,2,1727,39.1959015,-81.5810482,"1"
541070107051,10705,1,1023,39.1949132,-81.3663,"1"
541070107052,10705,2,1155,39.1926981,-81.4232656,"1"
541070107061,10706,1,941,39.2561747,-81.5242553,"1"
541070107062,10706,2,1759,39.2334396,-81.4695405,"1"
541070107063,10706,3,950,39.1981352,-81.486694,"1"
541070108001,10800,1,879,39.0750395,-81.5667313,"1"
541070108002,10800,2,904,39.1153887,-81.6631612,"1"
541070108003,10800,3,1258,39.1646704,-81.7103434,"1"
541070109011,10901,1,1547,39.2114582,-81.6278547,"1"
541070109012,10901,2,1004,39.2093252,-81.6644632,"1"
541070109013,10901,3,1134,39.2538675,-81.6715835,"1"
541070109014,10901,4,1018,39.239548,-81.6406382,"1"
541070109021,10902,1,1261,39.2604187,-81.6396594,"1"
541070109022,10902,2,870,39.2692657,-81.6431008,"1"
541070109023,10902,3,1642,39.2577575,-81.5905978,"1"
541070110001,11000,1,630,39.2892252,-81.5564433,"1"
541070110002,11000,2,366,39.26776,-81.5612864,"1"
541070110003,11000,3,689,39.281519,-81.5544668,"1"
541070110004,11000,4,1027,39.2894787,-81.5409752,"1"
541090028001,2800,1,960,37.736191,-81.5105423,"1"
541090028002,2800,2,1359,37.6655847,-81.4512367,"1"
541090029011,2901,1,1785,37.7364475,-81.6412343,"1"
541090029012,2901,2,2277,37.670159,-81.7135949,"1"
541090029021,2902,1,644,37.6981549,-81.6404312,"1"
541090029022,2902,2,2033,37.6388426,-81.6348046,"1"
541090029023,2902,3,859,37.6900693,-81.5849489,"1"
541090030001,3000,1,837,37.5499517,-81.7402254,"1"
541090030002,3000,2,1418,37.5993914,-81.7929716,"1"
541090031001,3100,1,1177,37.5425276,-81.5553406,"1"
541090031002,3100,2,1588,37.6354502,-81.5243034,"1"
541090031003,3100,3,568,37.5938805,-81.4720176,"1"
541090031004,3100,4,1551,37.6088402,-81.5696758,"1"
541090032001,3200,1,629,37.4805496,-81.3338612,"1"
541090032002,3200,2,950,37.5340285,-81.4147387,"1"
541090032003,3200,3,1318,37.6122769,-81.4036655,"1"
541090032004,3200,4,742,37.6032932,-81.3603819,"1"
541090032005,3200,5,687,37.5413076,-81.3398514,"1"
